"","best_ll_s1","best_ll_s2","iter_best_s1","iter_best_s2","d_s1","d_s2","iter4sec_s1","iter4sec_s2","model_s1","model_s2","df_1","df_2"
"1",-1e+07,-1e+07,NA,NA,0,0,NA,NA,NA,NA,NA,NA
"2",-28639.14,-28852.3,NA,NA,0.0999341789320169,0.17918184255177,NA,NA,NA,NA,NA,NA
"3",-27385.78,-27705.03,NA,NA,0.107697667110187,0,NA,NA,NA,NA,NA,NA
"4",-26030.79,-26391.61,1951,1932,1.49,219.1,1938,1928,"VVE","VVE",128,128
"5",-26337.94,-26729.18,NA,NA,31.22795451399,22.3827679895148,NA,NA,NA,NA,NA,NA
"6",-25860.26,-26302.87,NA,NA,0,30.9716219203765,NA,NA,NA,NA,NA,NA
"7",-25510.42,-26077.81,NA,NA,38.2519631542236,0,NA,NA,NA,NA,NA,NA
"8",-25211.7,-25635.15,NA,NA,5.71768660571615,230.505764089918,NA,NA,NA,NA,NA,NA
"9",-24987.85,-25343.95,NA,NA,0,0,NA,NA,NA,NA,NA,NA
"10",-24603.58,-25122.77,NA,NA,0,82.5763062795122,NA,NA,NA,NA,NA,NA
