"","S_1G_2","S_1G_3","S_1G_4","S_1G_5","S_1G_6","S_1G_7","S_1G_8","S_1G_9","S_1G_10","S_2G_2","S_2G_3","S_2G_4","S_2G_5","S_2G_6","S_2G_7","S_2G_8","S_2G_9","S_2G_10"
"1",200,200,200,200,200,200,200,200,200,200,200,200,200,200,200,200,200,200
"2",200,200,200,200,200,200,200,200,200,200,200,200,200,200,200,200,200,200
"3",200,200,200,200,200,200,200,200,200,200,200,200,200,200,200,200,200,200
"4",200,200,200,200,200,200,200,200,200,200,200,200,200,200,200,200,200,200
"5",200,200,200,200,200,200,200,200,200,200,200,200,200,200,200,200,200,200
"6",200,200,200,200,200,200,200,200,200,200,200,200,200,200,200,200,200,200
"7",200,200,26,25,200,19,150,13,200,200,200,110,200,3,200,15,25,200
"8",200,200,46,17,200,13,18,23,200,200,200,37,10,38,2,200,154,200
"9",200,200,29,9,2,38,200,200,200,200,200,200,7,200,167,200,200,200
"10",200,200,26,9,40,4,140,200,200,200,200,3,13,87,77,200,200,200
"11",200,200,75,6,24,40,200,200,192,200,200,60,17,16,72,66,200,200
"12",200,200,12,43,9,27,200,130,200,200,200,15,9,13,70,200,200,200
"13",200,200,181,10,200,55,200,200,60,200,200,150,3,76,13,108,15,200
"14",200,200,77,70,88,200,92,69,200,200,200,5,59,7,200,200,200,200
"15",200,200,39,143,39,200,200,200,17,200,200,32,68,200,36,200,22,200
"16",200,200,138,7,8,200,37,200,200,200,200,14,36,200,200,200,200,200
"17",200,200,18,92,133,200,200,200,59,200,200,37,42,110,200,3,200,200
"18",200,200,73,134,200,74,200,200,200,200,200,147,200,149,200,200,200,200
"19",200,200,200,7,200,200,162,200,200,200,200,3,10,26,200,97,16,200
"20",200,200,27,200,74,18,36,200,200,200,200,200,67,200,77,200,100,200
"21",200,200,200,200,200,200,200,200,200,200,200,200,200,200,200,200,200,200
"22",200,200,5,200,200,200,200,200,200,200,200,99,200,200,200,200,200,200
"23",200,200,200,200,200,200,200,200,200,200,200,200,42,200,200,200,200,200
"24",200,200,72,144,200,200,200,200,200,200,200,200,200,200,200,200,200,200
"25",200,200,200,200,200,200,200,200,200,200,200,200,200,200,200,200,200,200
"26",200,200,192,200,200,200,200,200,200,200,200,200,200,200,200,200,200,200
"27",200,200,200,200,200,200,200,200,200,200,200,200,60,200,200,200,200,200
"28",200,200,200,200,200,200,200,200,95,200,200,200,200,200,112,117,200,200
"29",200,200,200,200,200,200,200,200,200,200,200,200,118,200,200,200,200,200
"30",200,200,200,200,200,66,200,200,200,200,200,200,200,200,8,200,200,200
"31",200,200,200,200,200,200,200,200,200,200,200,21,200,200,200,200,200,200
"32",200,200,200,200,200,200,200,200,200,200,200,200,200,200,200,200,200,200
"33",200,200,200,200,200,200,200,200,200,200,200,200,200,200,200,200,25,200
"34",200,200,25,9,200,200,200,200,200,200,200,130,200,200,200,200,200,200
"35",200,200,200,200,200,200,200,66,200,200,27,200,200,200,200,200,200,200
"36",200,200,200,14,200,200,200,200,200,200,23,63,156,200,81,200,200,200
"37",200,200,200,200,200,200,200,200,200,200,200,12,174,200,200,200,200,200
"38",200,200,200,200,200,200,200,200,200,200,200,200,200,200,200,200,200,200
"39",200,196,200,200,200,200,200,200,200,200,200,7,200,200,200,200,200,200
"40",200,200,200,136,200,200,200,400,200,200,200,47,200,200,200,200,200,200
"41",200,200,200,200,200,200,200,200,200,200,19,200,200,81,200,200,200,200
"42",200,200,200,200,200,200,200,200,200,200,200,32,200,200,200,200,200,200
"43",200,200,200,200,200,200,200,200,200,200,200,34,200,200,200,200,200,200
"44",200,200,200,200,200,200,200,200,200,200,200,200,44,200,200,200,200,200
"45",200,200,200,200,200,200,200,200,200,200,124,200,200,72,200,200,200,200
"46",200,400,16,346,345,400,64,200,200,200,400,25,400,120,200,200,200,200
"47",200,200,14,200,200,200,200,200,200,200,17,200,200,200,200,200,200,200
"48",200,200,200,200,200,200,200,200,200,200,98,200,200,200,200,200,200,200
"49",200,200,200,200,200,200,200,200,200,200,14,45,200,192,200,200,200,200
"50",200,200,200,200,200,200,200,200,200,200,200,200,3,200,200,200,200,200
"51",200,200,200,43,200,200,200,200,200,200,200,200,200,200,200,200,200,200
"52",200,200,17,200,200,200,200,200,200,200,200,19,200,200,200,200,200,200
"53",200,200,200,92,200,200,200,200,200,200,200,11,144,200,200,200,200,200
"54",200,200,200,81,163,88,200,200,200,200,5,200,200,200,200,62,200,200
"55",400,200,200,200,200,200,200,200,200,400,200,115,30,165,200,200,200,200
"56",200,200,200,200,200,200,200,200,200,200,200,88,200,195,200,200,200,200
"57",200,200,200,200,200,25,200,168,200,200,147,174,170,200,200,200,200,200
"58",200,200,200,200,200,200,200,200,200,200,200,57,112,200,23,190,200,200
"59",200,13,200,200,200,13,200,200,200,200,200,8,200,200,200,125,21,200
"60",200,200,200,200,200,200,200,200,200,200,200,200,200,200,200,200,200,200
"61",200,200,149,200,75,200,200,200,200,200,200,200,200,200,200,200,200,200
"62",200,200,200,66,200,200,200,200,200,200,200,86,200,99,200,200,200,200
"63",200,200,200,200,200,200,200,200,200,200,200,71,200,200,200,200,200,200
"64",200,200,200,200,200,200,200,200,200,200,99,200,200,200,200,200,200,200
"65",200,200,200,200,115,200,200,200,200,200,200,200,200,6,200,200,200,200
"66",200,200,200,129,6,200,200,200,200,200,2,200,200,200,200,200,200,200
"67",200,13,200,200,200,200,200,200,200,200,200,200,88,200,200,200,140,200
"68",200,200,200,200,200,200,200,200,200,200,200,148,200,200,200,200,200,200
"69",200,200,7,200,200,104,200,200,200,200,16,200,200,200,200,200,200,200
"70",200,200,200,200,200,200,141,200,200,200,200,200,200,200,200,200,200,200
"71",200,317,289,245,400,400,265,268,200,400,286,97,109,374,400,261,200,200
"72",200,200,200,69,200,200,200,200,200,200,200,200,200,200,200,200,200,200
"73",200,200,200,200,200,200,200,200,200,200,78,200,151,2,200,200,200,200
"74",200,200,86,200,120,200,200,200,200,200,200,200,11,200,200,200,200,200
"75",200,200,200,200,200,200,200,200,200,200,200,148,200,200,200,200,200,200
"76",200,200,4,200,200,200,200,200,200,200,112,200,200,25,75,200,200,200
"77",200,200,200,200,200,200,200,200,200,200,200,200,200,200,200,200,200,200
"78",200,200,200,200,200,200,200,200,200,200,200,147,200,200,200,200,200,200
"79",200,2,89,200,200,101,200,200,200,200,200,21,200,200,200,200,200,200
"80",200,200,200,200,200,200,200,200,200,200,200,63,11,200,200,200,200,200
"81",200,200,132,54,200,200,200,200,200,200,200,91,200,9,200,200,200,200
"82",200,200,200,200,200,200,200,200,200,200,200,144,200,200,200,200,200,200
"83",200,200,144,200,200,200,200,200,200,200,200,25,200,200,200,200,200,200
"84",200,200,28,50,200,200,200,200,200,200,200,2,200,200,200,200,200,200
"85",200,200,37,52,200,16,200,200,200,200,200,21,180,200,200,200,200,200
"86",200,200,200,200,200,200,152,200,200,200,200,200,103,200,179,200,200,200
"87",200,200,200,200,200,200,200,200,200,200,200,66,200,200,200,200,200,200
"88",200,200,200,172,200,200,200,200,200,200,200,200,200,200,200,200,200,200
"89",200,200,200,200,200,200,200,200,200,200,200,88,200,42,200,200,200,200
"90",200,200,200,200,200,200,200,200,200,200,73,14,200,200,102,200,200,200
"91",200,200,68,200,200,200,200,200,200,200,200,200,84,200,200,200,200,200
"92",200,200,200,200,200,200,200,200,200,200,11,200,180,48,200,190,200,200
"93",200,21,200,200,200,200,200,200,200,200,35,200,200,200,200,200,200,200
"94",200,200,200,200,200,200,200,200,200,200,200,156,3,200,200,200,200,200
"95",200,200,11,200,200,200,200,200,200,200,8,200,200,200,200,200,200,200
"96",200,200,45,200,200,200,200,200,85,200,200,200,20,200,200,143,200,200
"97",200,200,200,106,200,200,200,200,200,200,15,200,200,200,200,200,200,200
"98",200,200,200,200,200,200,200,115,200,200,25,3,200,200,200,200,200,200
"99",200,200,95,200,200,200,42,200,200,200,200,200,200,200,200,200,200,200
"100",200,200,98,200,200,200,200,200,200,200,200,200,166,200,200,200,200,200
"101",200,40,200,200,200,200,200,200,200,200,200,27,200,200,200,200,200,200
"102",200,200,200,24,200,200,200,200,200,200,114,19,200,200,200,200,200,200
"103",200,200,200,200,200,200,200,200,200,200,66,200,200,200,200,200,200,200
"104",200,200,200,3,200,200,200,200,200,200,200,97,200,200,200,200,51,200
"105",200,200,8,200,200,200,200,200,200,200,86,24,200,200,200,200,200,200
"106",200,200,200,200,200,200,200,200,200,200,200,16,200,200,200,200,200,200
"107",200,200,200,190,200,29,200,200,200,200,9,200,200,200,200,200,200,200
"108",200,200,200,200,200,200,200,200,200,200,200,94,22,200,200,200,200,200
"109",200,200,200,200,200,200,200,200,200,200,200,200,200,200,200,200,200,200
"110",200,200,21,200,200,200,200,200,200,200,200,200,100,200,200,200,200,200
"111",200,200,200,200,200,200,200,200,200,200,200,200,196,200,11,200,200,200
"112",200,200,14,200,200,200,200,200,200,200,200,200,200,200,200,29,200,200
"113",200,200,200,200,200,40,200,200,200,200,147,162,200,200,200,200,200,200
"114",200,200,200,126,200,200,200,200,200,200,8,200,10,200,19,200,200,200
"115",200,200,200,200,200,200,200,200,200,200,200,200,77,200,200,188,200,200
"116",200,200,200,200,200,200,200,200,200,200,200,200,200,200,200,200,200,200
"117",200,200,123,10,200,20,200,200,200,200,200,200,200,200,200,200,200,200
"118",200,200,200,200,200,200,60,200,200,200,9,200,82,200,200,200,200,200
"119",200,200,200,200,200,200,200,200,200,200,200,200,200,80,200,200,200,200
"120",200,200,200,200,200,200,200,200,200,200,200,200,200,200,200,200,200,200
"121",200,200,200,200,200,200,200,200,200,200,200,200,5,200,200,200,200,200
"122",200,10,200,200,200,200,200,200,76,200,200,200,200,200,42,200,200,200
"123",200,200,200,200,200,12,101,200,200,200,200,9,200,200,200,200,200,200
"124",200,200,200,200,200,35,200,200,200,200,9,200,200,200,200,200,200,200
"125",200,200,200,200,200,200,200,200,200,200,200,200,200,109,200,200,200,200
"126",200,200,200,200,200,200,200,200,200,200,200,200,85,200,200,200,200,200
"127",200,200,21,200,200,200,200,200,200,200,200,200,200,200,200,200,200,200
"128",200,200,200,200,200,56,200,200,200,200,200,7,200,200,142,200,200,200
"129",400,400,400,2,400,400,200,200,200,400,400,400,400,400,400,200,200,200
"130",200,10,181,200,200,3,200,200,200,200,200,176,136,200,200,200,200,200
"131",200,200,200,200,200,200,200,200,200,200,200,172,21,200,200,200,200,200
"132",200,200,200,200,200,200,200,200,200,200,200,200,200,200,57,200,200,200
"133",200,105,200,200,200,200,200,200,200,200,38,23,112,200,200,200,200,200
"134",200,200,200,200,200,200,200,200,200,200,200,91,45,200,200,200,200,200
"135",200,200,2,55,200,200,200,200,200,200,200,73,200,200,200,200,200,200
"136",200,200,200,200,200,200,200,200,200,200,200,200,200,200,200,200,200,200
"137",400,200,200,200,200,200,200,200,200,400,18,132,171,200,81,200,200,200
"138",200,200,200,200,199,200,200,200,200,200,200,200,200,200,200,16,200,200
"139",200,200,116,200,200,200,200,200,200,200,200,58,54,200,200,200,200,200
"140",200,187,200,200,200,200,200,200,200,200,200,24,63,200,200,200,200,200
"141",200,200,200,200,200,200,200,200,200,200,200,185,200,109,200,200,200,200
"142",200,100,100,100,100,100,100,100,100,200,100,100,100,100,100,100,100,100
"143",200,100,100,100,100,100,100,100,100,200,100,100,100,100,100,100,100,100
"144",200,100,100,4,100,100,100,100,100,200,100,83,20,100,74,100,100,100
"145",200,100,100,100,100,100,100,100,100,200,100,100,100,100,100,17,100,100
"146",200,100,100,100,100,100,100,100,100,200,100,100,100,100,100,100,100,100
"147",200,100,53,100,100,100,100,100,100,200,100,100,100,100,100,100,100,100
"148",200,100,100,100,100,100,100,100,100,200,100,3,100,100,100,100,100,100
"149",200,100,68,100,100,38,100,100,100,200,38,100,100,100,100,100,100,100
"150",200,100,100,100,100,100,100,44,100,200,100,42,6,100,100,100,100,100
"151",200,100,100,100,100,100,100,100,100,200,100,100,100,37,47,100,100,100
"152",200,100,100,100,100,100,100,100,100,200,100,100,100,100,100,100,100,100
"153",200,100,100,19,100,100,100,100,100,200,100,100,100,100,100,100,100,100
"154",200,100,100,100,100,100,100,100,100,200,100,100,100,100,100,100,100,100
"155",200,15,100,100,100,100,100,100,100,200,100,100,100,100,100,100,100,100
"156",200,100,100,100,100,100,100,100,100,200,100,58,100,20,100,100,100,100
"157",200,100,100,43,100,100,100,100,100,200,100,94,100,100,3,100,100,100
"158",200,100,100,100,100,100,100,100,100,200,55,54,91,100,100,100,100,100
"159",200,100,2,100,100,100,100,100,100,200,100,100,100,100,100,100,100,100
"160",200,100,100,100,100,100,100,100,100,200,100,100,100,100,100,100,100,100
"161",200,32,100,19,100,100,100,100,100,200,100,100,61,100,100,100,100,100
"162",200,36,100,100,100,100,100,100,100,200,100,84,100,100,100,100,100,100
"163",200,100,26,100,100,100,100,100,100,200,100,100,100,100,100,100,100,100
"164",200,100,32,100,100,16,100,100,100,200,100,73,100,100,100,100,100,100
"165",200,100,100,14,100,100,100,100,100,200,100,7,100,100,100,100,100,100
"166",200,100,46,100,100,100,100,100,100,200,100,100,100,100,100,100,100,100
"167",200,100,14,100,100,100,100,100,100,200,100,100,100,100,100,100,100,100
"168",200,100,90,100,100,100,100,100,100,200,7,100,4,100,100,100,100,100
"169",200,100,100,100,100,100,100,100,100,200,100,90,59,100,100,100,100,100
"170",200,100,100,27,100,100,100,100,100,200,100,100,100,100,100,100,100,100
"171",200,15,100,29,100,100,100,100,100,200,100,100,100,100,100,100,100,100
"172",200,100,100,100,100,100,100,100,100,200,100,61,5,100,100,100,100,100
"173",200,100,100,100,100,100,100,100,100,200,100,100,100,100,100,100,100,100
"174",200,100,100,100,100,100,100,100,100,200,100,100,100,100,100,100,100,100
"175",200,100,100,100,100,100,100,100,100,200,2,100,3,100,100,100,100,100
"176",200,100,77,74,100,100,100,100,100,200,100,100,100,100,100,100,100,100
"177",200,12,15,37,100,100,100,100,100,200,100,100,100,100,100,100,100,100
"178",200,100,100,8,100,100,100,100,100,200,100,93,16,100,100,100,100,100
"179",200,100,100,100,100,100,100,100,100,200,100,100,100,100,100,100,100,100
"180",200,100,100,100,100,100,100,100,100,200,29,100,100,100,100,100,100,100
"181",200,100,100,100,100,100,100,100,100,200,100,100,100,100,100,100,100,100
"182",200,100,100,100,100,100,100,100,100,200,100,100,100,100,100,100,100,100
"183",200,100,100,100,100,100,100,100,100,200,74,100,100,100,100,100,100,100
"184",200,100,100,34,100,100,100,100,100,200,65,100,100,100,100,100,100,100
"185",200,100,100,100,100,100,100,100,100,200,100,100,100,100,100,100,100,100
"186",200,87,100,50,100,100,100,100,100,200,22,21,6,65,100,100,100,100
"187",200,48,100,100,100,100,100,100,100,200,100,100,28,100,100,100,100,100
"188",200,100,100,100,100,100,100,100,100,200,100,100,100,22,100,100,100,100
"189",200,100,100,53,100,100,100,100,100,200,100,100,100,100,100,100,100,100
"190",200,100,100,100,100,100,100,21,100,200,100,100,100,100,100,100,100,100
"191",200,100,100,100,100,100,100,100,100,200,100,28,100,100,100,100,100,100
"192",200,100,100,100,100,100,100,100,100,200,62,100,12,100,100,100,100,100
"193",200,100,100,95,100,100,100,100,100,200,100,100,100,100,100,100,100,100
"194",200,100,100,100,100,100,100,100,100,200,100,100,100,100,100,100,100,100
"195",200,100,44,88,100,100,100,19,100,200,100,100,100,100,100,100,100,100
"196",200,100,62,100,100,100,100,100,100,200,100,100,100,100,100,100,100,100
"197",200,100,100,4,100,18,100,100,100,200,100,100,100,100,100,100,100,100
"198",200,100,20,100,100,100,100,100,100,200,100,72,100,100,100,100,100,100
"199",200,100,100,100,73,100,100,100,100,200,20,100,100,100,100,100,100,100
"200",200,100,100,27,100,100,100,100,100,200,100,100,18,25,100,100,100,100
"201",200,35,100,100,100,100,100,100,100,200,100,2,41,100,58,100,100,100
"202",200,100,100,19,100,100,100,100,100,200,100,100,80,100,100,62,100,100
"203",200,100,100,100,100,95,100,100,100,200,10,27,100,100,100,100,100,100
"204",200,4,100,100,100,14,100,100,100,200,100,98,100,100,100,100,100,100
"205",200,100,27,100,100,100,100,100,100,200,100,100,100,100,100,100,100,100
"206",200,2,100,100,100,100,100,100,100,200,100,100,100,100,100,72,100,100
"207",200,100,100,100,100,100,100,100,100,200,100,66,100,100,100,100,94,100
"208",200,100,100,100,100,100,100,100,100,200,100,100,100,100,100,100,100,100
"209",200,100,70,100,100,100,100,100,100,200,100,100,100,19,100,100,100,100
"210",200,100,100,100,100,100,100,100,100,200,23,46,100,100,100,100,100,100
"211",200,200,200,200,200,200,200,200,200,200,200,200,200,200,200,200,200,200
"212",200,200,10,199,200,200,200,200,200,200,200,180,110,200,200,200,200,200
"213",200,51,200,200,200,200,200,200,200,200,200,200,200,200,200,200,200,200
"214",200,200,200,200,200,200,200,200,200,200,200,89,200,200,200,200,200,200
"215",200,200,200,61,200,200,200,200,200,200,200,200,200,200,200,200,200,200
"216",200,132,200,200,200,200,200,200,200,200,200,200,102,33,200,200,200,200
"217",200,200,200,200,200,200,200,200,200,200,39,200,200,200,200,200,200,200
"218",200,200,200,200,200,200,200,200,200,200,200,32,200,58,200,200,200,200
"219",200,200,52,200,200,200,200,200,200,200,7,200,200,200,200,200,200,200
"220",200,200,200,37,200,200,200,200,200,200,195,200,200,200,200,200,200,200
"221",200,200,200,200,200,200,200,200,200,200,200,200,200,200,200,200,200,200
"222",200,200,200,200,50,173,200,200,200,200,200,200,200,200,200,200,200,200
"223",200,200,55,118,200,200,200,200,200,200,200,200,105,200,200,200,200,200
"224",200,200,200,200,200,200,200,200,200,200,145,200,200,200,200,200,200,200
"225",200,200,101,200,200,32,200,200,200,200,200,200,200,200,200,200,200,200
"226",200,200,200,200,48,200,200,200,200,200,200,200,171,116,200,200,200,200
"227",200,4,200,200,200,200,200,200,200,200,200,14,200,200,200,200,200,66
"228",200,200,200,25,200,200,200,200,200,200,16,54,137,200,200,200,200,200
"229",200,200,200,200,200,12,200,200,200,200,200,200,200,112,200,200,200,200
"230",200,200,200,200,200,200,200,200,200,200,75,200,200,200,199,200,12,200
"231",200,200,200,41,16,200,200,200,200,200,200,200,93,200,200,200,200,200
"232",200,200,200,200,200,200,184,200,200,200,200,200,200,200,200,200,200,200
"233",200,200,200,14,200,200,200,200,200,200,12,200,72,200,200,200,200,200
"234",200,200,200,200,200,200,200,200,200,200,57,200,82,200,200,200,200,200
"235",200,200,200,200,200,200,200,200,200,200,38,14,43,200,200,200,200,200
"236",200,93,7,200,200,200,200,200,200,200,200,200,200,164,200,200,200,200
"237",200,200,200,200,200,200,200,200,200,200,200,200,180,200,200,200,200,200
"238",200,200,200,200,200,200,200,200,200,200,200,200,69,200,200,200,200,200
"239",200,200,19,79,200,200,200,200,200,200,26,200,200,200,200,200,200,200
"240",200,200,200,200,200,200,200,200,200,200,200,67,200,200,200,200,200,200
"241",200,200,200,200,200,200,200,200,200,200,200,21,26,200,200,200,200,200
"242",200,200,200,22,200,200,200,200,200,200,200,200,200,200,200,200,200,200
"243",200,200,200,200,200,200,200,200,200,200,200,200,200,109,200,200,200,200
"244",200,200,200,200,200,23,200,200,200,200,3,200,200,200,200,200,200,200
"245",200,200,200,200,200,75,200,200,200,200,200,200,200,200,200,200,200,200
"246",200,200,4,200,200,200,200,200,200,200,124,200,200,200,200,200,200,200
"247",200,200,200,200,200,200,200,200,200,200,200,200,6,200,200,200,200,200
"248",200,200,200,44,200,200,200,142,200,200,200,200,200,200,200,200,200,200
"249",200,200,200,200,200,200,200,200,200,200,30,164,200,200,200,200,200,200
"250",200,200,200,200,200,200,200,200,200,200,200,200,200,200,200,200,200,200
"251",200,200,200,200,200,200,200,200,200,200,200,200,200,200,200,200,200,200
"252",200,35,200,200,200,200,200,200,200,200,200,39,200,200,200,200,200,200
"253",200,200,200,200,200,200,52,200,200,200,200,200,200,6,200,200,200,200
"254",200,19,200,200,200,200,200,200,200,200,200,200,168,200,200,200,200,200
"255",200,200,200,200,5,200,200,200,200,200,200,200,200,200,200,200,200,200
"256",200,200,200,78,200,200,200,200,200,200,24,200,200,200,200,200,200,200
"257",200,200,23,200,200,16,200,200,200,200,200,200,200,200,200,200,104,200
"258",200,200,200,200,200,200,200,66,200,200,200,200,32,200,200,200,200,200
"259",200,200,200,200,200,200,200,200,200,200,20,200,200,200,200,130,200,200
"260",200,200,200,2,200,200,200,200,200,200,200,200,61,200,200,200,200,200
"261",200,200,200,97,200,200,200,200,200,200,200,200,200,200,200,200,200,200
"262",200,109,200,200,200,200,200,200,200,200,200,145,117,200,200,200,200,200
"263",200,200,90,200,200,200,200,200,200,200,200,23,200,200,200,200,200,200
"264",200,101,98,200,200,200,200,200,200,200,200,200,200,200,200,200,200,200
"265",200,200,200,200,200,200,200,200,200,200,200,200,200,18,21,200,200,200
"266",200,200,152,42,45,200,200,200,200,200,200,200,200,200,200,200,200,200
"267",200,19,200,200,200,200,200,200,200,200,200,200,200,200,200,200,200,200
"268",200,200,200,20,200,18,200,200,200,200,200,200,200,200,200,200,200,200
"269",200,200,200,200,200,200,200,200,200,200,200,200,200,200,200,127,200,200
"270",200,200,200,72,200,200,200,200,200,200,25,9,200,200,200,200,200,200
"271",200,200,200,200,200,200,200,200,200,200,200,200,70,178,200,200,200,200
"272",200,200,20,200,200,200,200,200,200,200,123,124,200,200,200,200,200,200
"273",200,200,70,200,200,200,200,200,200,200,191,200,200,200,200,200,200,200
"274",200,200,200,200,200,200,200,200,200,200,200,200,200,200,200,200,200,200
"275",200,200,12,200,200,200,200,200,200,200,200,47,27,200,200,200,200,200
"276",200,200,39,176,200,200,200,200,200,200,200,200,200,200,200,200,200,200
"277",200,200,200,200,200,200,19,200,200,200,200,28,200,200,200,200,200,200
"278",200,200,6,200,200,200,200,200,200,200,3,200,200,200,200,200,200,200
"279",200,200,200,200,200,200,200,200,200,200,200,81,200,200,200,200,200,200
"280",200,200,103,200,200,200,200,200,200,200,200,200,200,16,200,200,200,200
"281",200,200,200,200,200,200,200,200,200,200,107,200,175,200,200,200,200,103
"282",200,200,200,200,200,200,200,200,200,200,200,200,200,200,200,200,40,200
"283",200,200,67,200,200,200,200,200,200,200,6,200,200,121,200,200,200,200
"284",200,200,200,40,200,200,200,200,200,200,200,200,200,200,200,200,200,200
"285",200,200,9,200,200,200,200,200,200,200,200,7,37,200,200,200,200,200
"286",200,200,200,200,200,200,97,200,200,200,200,74,200,200,200,200,200,200
"287",200,200,58,200,200,200,200,200,55,200,200,200,200,200,200,200,200,200
"288",200,200,200,200,200,200,200,200,200,200,200,200,200,200,200,200,200,200
"289",200,200,59,200,200,200,200,200,81,200,200,200,200,200,200,200,200,200
"290",200,200,200,200,200,24,200,200,50,200,40,36,200,200,200,4,200,200
"291",200,200,200,200,200,200,200,200,200,200,200,91,200,200,200,200,200,200
