"","best_ll_s1","best_ll_s2","iter_best_s1","iter_best_s2","d_s1","d_s2","iter4sec_s1","iter4sec_s2","model_s1","model_s2","df_1","df_2"
"1",-1e+07,-1e+07,NA,NA,0,0,NA,NA,NA,NA,NA,NA
"2",-52264.17,-52387.29,2,2,0,0,1,1,"EII","EII",22,22
"3",-51513.2,-51703.5,13,1,0,50949000,2,0,"EII","EII",33,33
"4",-50777.71,-50944.98,2,2,0,0,1,1,"EII","EII",44,44
"5",-50059.12,-50388.21,12,6,0,0,3,1,"EII","EII",55,55
"6",-49773.51,-50001.88,7,8,0,0,3,1,"EII","EII",66,66
"7",-49413.78,-49717.25,3,6,0,0,2,4,"EII","EII",77,77
"8",-49148.04,-49467.66,34,41,0,0,8,13,"EII","EII",88,88
"9",-48932.88,-49256.14,9,26,2,0,3,3,"EII","EII",99,99
"10",-48752.57,-49083.05,16,127,0,0,11,15,"EII","EII",110,110
