"","best_ll_s1","best_ll_s2","iter_best_s1","iter_best_s2","d_s1","d_s2","iter4sec_s1","iter4sec_s2","model_s1","model_s2","df_1","df_2"
"1",-1e+07,-1e+07,NA,NA,0,0,NA,NA,NA,NA,NA,NA
"2",-52264.15,-52387.36,30,4,0,0,4,3,"EII","EII",22,22
"3",-51512.84,-51703.56,92,14,0,0,76,12,"EII","EII",33,33
"4",-50777.2,-50944.89,26,3,0,0,4,2,"EII","EII",44,44
"5",-50059.26,-50387.96,9,13,0,0,5,6,"EII","EII",55,55
"6",-49746.56,-50001.4,40,87,0,0,20,4,"EII","EII",66,66
"7",-49413.72,-49716.53,4,77,0,0,3,52,"EII","EII",77,77
"8",-49147.81,-49467.47,140,34,0,0.1,99,32,"EII","EII",88,88
"9",-48933.35,-49255.53,26,184,0.4,0.2,1,67,"EII","EII",99,99
"10",-48750.48,-49082.92,200,173,0.5,0.3,103,138,"EII","EII",110,110
