"","best_ll_s1","best_ll_s2","iter_best_s1","iter_best_s2","d_s1","d_s2","iter4sec_s1","iter4sec_s2","model_s1","model_s2","df_1","df_2"
"1",-1e+07,-1e+07,NA,NA,0,0,NA,NA,NA,NA,NA,NA
"2",-52263.9,-52386.95,156,106,0,0.04,187,74,"EII","EII",22,22
"3",-51512.45,-51703.52,189,90,0,0.07,189,58,"EII","EII",33,33
"4",-50776.96,-50944.3,177,45,0.14,0,147,45,"EII","EII",44,44
"5",-50059.01,-50387.89,73,166,0,0,73,166,"EII","EII",55,55
"6",-49745.51,-50001.32,145,129,0.04,0,31,129,"EII","EII",66,66
"7",-49412.83,-49716.54,44,163,0,0,44,163,"EII","EII",77,77
"8",-49147.51,-49467.45,162,12,0.4,1.8,84,4,"EII","EII",88,88
"9",-48932.67,-49255.97,132,51,0.39,0,34,51,"EII","EII",99,99
"10",-48751.13,-49083.11,144,196,0.66,0,129,196,"EII","EII",110,110
