"","best_ll_s1","best_ll_s2","iter_best_s1","iter_best_s2","d_s1","d_s2","iter4sec_s1","iter4sec_s2","model_s1","model_s2","df_1","df_2"
"1",-1e+07,-1e+07,NA,NA,0,0,NA,NA,NA,NA,NA,NA
"2",-52263.88,-52386.97,76,102,0,0.03,76,83,"EII","EII",22,22
"3",-51512.6,-51703.52,40,47,0,0.06,80,4,"EII","EII",33,33
"4",-50776.97,-50944.3,86,188,0,0.01,86,140,"EII","EII",44,44
"5",-50059.02,-50387.87,67,91,0,0,67,91,"EII","EII",55,55
"6",-49745.54,-50001.45,72,139,0,0.12,72,80,"EII","EII",66,66
"7",-49413.2,-49716.47,3,63,0,0.47,3,3,"EII","EII",77,77
"8",-49147.49,-49467.53,33,194,0,0,33,194,"EII","EII",88,88
"9",-48933.02,-49255.85,154,39,0.04,0,61,39,"EII","EII",99,99
"10",-48750.36,-49082.47,30,94,1.47,0.79,1,75,"EII","EII",110,110
