"","best_ll_s1","best_ll_s2","iter_best_s1","iter_best_s2","d_s1","d_s2","iter4sec_s1","iter4sec_s2","model_s1","model_s2","df_1","df_2"
"1",-1e+07,-1e+07,NA,NA,0,0,NA,NA,NA,NA,NA,NA
"2",-52263.89,-52386.96,103,56,0.02,0.02,56,1,"EII","EII",22,22
"3",-51512.51,-51703.57,135,183,0.12,0,125,114,"EII","EII",33,33
"4",-50777.02,-50944.34,81,78,0.03,0.01,13,57,"EII","EII",44,44
"5",-50059.06,-50387.88,61,181,0.04,0.02,48,88,"EII","EII",55,55
"6",-49745.39,-50001.34,30,69,0.36,0.06,21,1,"EII","EII",66,66
"7",-49413.05,-49716.31,45,191,0.45,0.13,34,94,"EII","EII",77,77
"8",-49147.46,-49467.55,183,199,0.25,0.01,139,21,"EII","EII",88,88
"9",-48932.52,-49255.55,183,26,0.58,0.58,113,14,"EII","EII",99,99
"10",-48751.1,-49082.28,78,94,0.14,0.44,29,50,"EII","EII",110,110
