"","best_ll_s1","best_ll_s2","iter_best_s1","iter_best_s2","d_s1","d_s2","iter4sec_s1","iter4sec_s2","model_s1","model_s2","df_1","df_2"
"1",-1e+07,-1e+07,NA,NA,0,0,NA,NA,NA,NA,NA,NA
"2",-52263.87,-52386.96,31,169,0.08,0,17,149,"EII","EII",22,22
"3",-51512.51,-51703.59,114,66,0.17,0,88,52,"EII","EII",33,33
"4",-50776.97,-50944.33,25,153,0.12,0.02,18,113,"EII","EII",44,44
"5",-50059.03,-50387.89,38,20,0.04,0.29,18,19,"EII","EII",55,55
"6",-49745.6,-50001.5,73,59,0.02,0.05,1,4,"EII","EII",66,66
"7",-49413.31,-49716.48,190,66,0.03,0.1,158,21,"EII","EII",77,77
"8",-49147.47,-49467.94,22,13,0.76,0.34,9,5,"EII","EII",88,88
"9",-48932.62,-49255.78,83,78,0.72,0.19,44,25,"EII","EII",99,99
"10",-48750.9,-49082.7,157,65,0.22,0.42,85,20,"EII","EII",110,110
