"","best_ll_s1","best_ll_s2","iter_best_s1","iter_best_s2","d_s1","d_s2","iter4sec_s1","iter4sec_s2","model_s1","model_s2","df_1","df_2"
"1",-1e+07,-1e+07,NA,NA,0,0,NA,NA,NA,NA,NA,NA
"2",-52263.87,-52386.96,161,195,0.01,0.04,11,12,"EII","EII",22,22
"3",-51512.54,-51703.54,80,11,0.36,0.12,57,3,"EII","EII",33,33
"4",-50777.07,-50944.37,183,97,0.04,0,23,18,"EII","EII",44,44
"5",-50507.68,-50387.85,3,121,0,0.03,2,110,"EII","EII",55,55
"6",-49745.42,-50001.34,138,41,0.06,0.1,69,25,"EII","EII",66,66
"7",-49413.32,-49716.46,6,22,0.56,0.06,2,7,"EII","EII",77,77
"8",-49147.46,-49467.61,198,68,0.19,0.56,6,15,"EII","EII",88,88
"9",-48932.96,-49256.06,73,51,0.56,0,4,17,"EII","EII",99,99
"10",-48750.36,-49082.94,123,29,0.57,0.7,6,17,"EII","EII",110,110
