"","best_ll_s1","best_ll_s2","iter_best_s1","iter_best_s2","d_s1","d_s2","iter4sec_s1","iter4sec_s2","model_s1","model_s2","df_1","df_2"
"1",-1e+07,-1e+07,NA,NA,0,0,NA,NA,NA,NA,NA,NA
"2",-52263.89,-52386.97,169,171,0.01,0.02,105,114,"EII","EII",22,22
"3",-51512.42,-51703.51,196,179,0.04,0.08,16,172,"EII","EII",33,33
"4",-50777.16,-50944.38,8,24,0,0,2,2,"EII","EII",44,44
"5",-50058.95,-50387.89,42,133,0.07,0.02,11,92,"EII","EII",55,55
"6",-49745.75,-50001.33,91,171,0.1,0.09,29,31,"EII","EII",66,66
"7",-49413.2,-49716.59,65,57,0.04,0.02,56,17,"EII","EII",77,77
"8",-49147.64,-49467.02,49,3,0.08,0.77,48,1,"EII","EII",88,88
"9",-48933.03,-49255.94,180,131,0.18,0.03,62,100,"EII","EII",99,99
"10",-48751.14,-49082.64,93,77,0.15,0.81,43,30,"EII","EII",110,110
