"","best_ll_s1","best_ll_s2","iter_best_s1","iter_best_s2","d_s1","d_s2","iter4sec_s1","iter4sec_s2","model_s1","model_s2","df_1","df_2"
"1",-1e+07,-1e+07,NA,NA,0,0,NA,NA,NA,NA,NA,NA
"2",-52263.92,-52386.98,169,123,0.04,0.01,167,47,"EII","EII",22,22
"3",-51512.53,-51703.51,52,86,0.22,0.02,30,15,"EII","EII",33,33
"4",-50777.08,-50944.42,4,16,0.12,0,2,6,"EII","EII",44,44
"5",-50058.99,-50387.85,102,174,0.06,0.03,45,70,"EII","EII",55,55
"6",-49745.45,-50001.39,154,94,0.26,0.09,95,87,"EII","EII",66,66
"7",-49413.24,-49716.71,161,123,0.03,0.04,84,3,"EII","EII",77,77
"8",-49147.62,-49467.51,131,155,0.34,0.17,15,49,"EII","EII",88,88
"9",-48933.08,-49255.82,118,189,0.08,0.03,13,26,"EII","EII",99,99
"10",-48750.78,-49082.59,152,186,0.15,0.66,20,127,"EII","EII",110,110
