"","best_ll_s1","best_ll_s2","iter_best_s1","iter_best_s2","d_s1","d_s2","iter4sec_s1","iter4sec_s2","model_s1","model_s2","df_1","df_2"
"1",-1e+07,-1e+07,NA,NA,0,0,NA,NA,NA,NA,NA,NA
"2",-52263.88,-52386.97,133,25,0.01,0,127,25,"EII","EII",22,22
"3",-51512.68,-51703.52,132,33,0.02,0,79,42,"EII","EII",33,33
"4",-50777,-50944.28,167,78,0,0.08,167,53,"EII","EII",44,44
"5",-50059.07,-50387.92,197,96,0.01,0.03,190,95,"EII","EII",55,55
"6",-49745.4,-50001.36,130,112,0.05,0,84,112,"EII","EII",66,66
"7",-49413.11,-49716.45,46,17,0,0.14,75,15,"EII","EII",77,77
"8",-49147.56,-49467.5,97,101,0.37,0,52,101,"EII","EII",88,88
"9",-48932.74,-49255.47,77,199,0.19,0,34,199,"EII","EII",99,99
"10",-48751.03,-49082.46,36,186,0.97,0.16,14,94,"EII","EII",110,110
