"","best_ll_s1","best_ll_s2","iter_best_s1","iter_best_s2","d_s1","d_s2","iter4sec_s1","iter4sec_s2","model_s1","model_s2","df_1","df_2"
"1",-1e+07,-1e+07,NA,NA,0,0,NA,NA,NA,NA,NA,NA
"2",-52263.88,-52386.95,6,70,0.31,0.05,2,39,"EII","EII",22,22
"3",-51512.44,-51703.51,143,11,0.18,0,9,11,"EII","EII",33,33
"4",-50776.94,-50944.28,91,94,0,0,91,80,"EII","EII",44,44
"5",-50059.07,-50387.92,196,196,0,0,196,146,"EII","EII",55,55
"6",-49745.55,-50001.27,86,118,0.35,0.06,38,20,"EII","EII",66,66
"7",-49413.11,-49716.17,17,124,0.56,0.5,6,89,"EII","EII",77,77
"8",-49147.55,-49467.47,86,165,0.22,0,12,165,"EII","EII",88,88
"9",-48933.3,-49255.68,143,8,0,0.69,143,2,"EII","EII",99,99
"10",-48751.25,-49083.09,36,78,0,0.8,36,7,"EII","EII",110,110
