"","best_ll_s1","best_ll_s2","iter_best_s1","iter_best_s2","d_s1","d_s2","iter4sec_s1","iter4sec_s2","model_s1","model_s2","df_1","df_2"
"1",-1e+07,-1e+07,NA,NA,0,0,NA,NA,NA,NA,NA,NA
"2",-52263.87,-52386.97,168,192,0,0,168,199,"EII","EII",22,22
"3",-51512.73,-51703.5,38,142,0,0,38,142,"EII","EII",33,33
"4",-50776.91,-50944.35,137,100,0.2,0,33,100,"EII","EII",44,44
"5",-50059.03,-50387.82,43,138,0,0.1,43,26,"EII","EII",55,55
"6",-49745.39,-50001.15,161,115,0,0.23,161,42,"EII","EII",66,66
"7",-49413.33,-49716.43,51,141,0,0,51,141,"EII","EII",77,77
"8",-49147.29,-49467.65,178,156,0,0.35,178,141,"EII","EII",88,88
"9",-48932.97,-49255.77,157,154,0.18,0,156,154,"EII","EII",99,99
"10",-48750.99,-49082.63,46,116,2.07,0,30,116,"EII","EII",110,110
