"","best_ll_s1","best_ll_s2","iter_best_s1","iter_best_s2","d_s1","d_s2","iter4sec_s1","iter4sec_s2","model_s1","model_s2","df_1","df_2"
"1",-1e+07,-1e+07,NA,NA,0,0,NA,NA,NA,NA,NA,NA
"2",-52263.89,-52386.96,78,9,0,0.26,80,3,"EII","EII",22,22
"3",-51512.41,-51703.51,112,147,0.22,0.01,46,76,"EII","EII",33,33
"4",-50777.01,-50944.31,134,9,0.06,0,50,69,"EII","EII",44,44
"5",-50058.9,-50387.91,199,128,0.09,0.03,130,32,"EII","EII",55,55
"6",-49745.33,-50001.36,64,181,0,0.05,88,89,"EII","EII",66,66
"7",-49413.29,-49716.45,39,148,0,0.05,79,72,"EII","EII",77,77
"8",-49147.35,-49467.33,42,198,0.29,0.08,61,151,"EII","EII",88,88
"9",-48932.99,-49255.3,111,167,0.05,0.3,102,114,"EII","EII",99,99
"10",-48750.78,-49082.95,192,193,0,0.3,28,28,"EII","EII",110,110
