"","best_ll_s1","best_ll_s2","iter_best_s1","iter_best_s2","d_s1","d_s2","iter4sec_s1","iter4sec_s2","model_s1","model_s2","df_1","df_2"
"1",-1e+07,-1e+07,NA,NA,0,0,NA,NA,NA,NA,NA,NA
"2",-52263.88,-52386.98,88,130,0.01,0.02,50,47,"EII","EII",22,22
"3",-51512.5,-51703.51,57,5,0.33,0.21,40,2,"EII","EII",33,33
"4",-50777.12,-50944.35,169,106,0.02,0.01,132,99,"EII","EII",44,44
"5",-50059.03,-50387.92,190,200,0.03,0,75,194,"EII","EII",55,55
"6",-49745.42,-50001.42,75,178,0.44,0.04,36,142,"EII","EII",66,66
"7",-49413.26,-49716.54,82,97,0.03,0.17,53,44,"EII","EII",77,77
"8",-49147.55,-49467.61,1,183,4000041900.68,0.06,0,20,"EII","EII",88,88
"9",-48932.93,-49255.76,13,81,65.75,0.28,3,33,"EII","EII",99,99
"10",-48751.24,-49082.97,112,66,0.6,0.32,68,20,"EII","EII",110,110
