"","best_ll_s1","best_ll_s2","iter_best_s1","iter_best_s2","d_s1","d_s2","iter4sec_s1","iter4sec_s2","model_s1","model_s2","df_1","df_2"
"1",-1e+07,-1e+07,NA,NA,0,0,NA,NA,NA,NA,NA,NA
"2",-52263.87,-52386.95,26,91,0.26,0.02,23,19,"EII","EII",22,22
"3",-51512.47,-51703.49,45,162,0.18,0.02,5,25,"EII","EII",33,33
"4",-50777.01,-50944.31,31,195,0.09,0.03,10,105,"EII","EII",44,44
"5",-50059.01,-50387.88,24,196,0.22,0,3,177,"EII","EII",55,55
"6",-49745.52,-50001.36,183,20,0.08,0.14,78,6,"EII","EII",66,66
"7",-49413.13,-49716.68,67,129,0.16,0.1,55,81,"EII","EII",77,77
"8",-49147.71,-49467.51,192,54,0.02,0.35,21,39,"EII","EII",88,88
"9",-48932.66,-49255.78,153,72,0.41,0.33,26,54,"EII","EII",99,99
"10",-48750.78,-49082.3,180,127,0.15,0.53,58,2,"EII","EII",110,110
