"","best_ll_s1","best_ll_s2","iter_best_s1","iter_best_s2","d_s1","d_s2","iter4sec_s1","iter4sec_s2","model_s1","model_s2","df_1","df_2"
"1",-1e+07,-1e+07,NA,NA,0,0,NA,NA,NA,NA,NA,NA
"2",-52263.88,-52387,93,63,0.02,0.03,59,39,"EII","EII",22,22
"3",-51512.61,-51703.49,138,132,0.02,0.06,39,47,"EII","EII",33,33
"4",-50777.1,-50944.34,119,120,0.02,0.02,38,24,"EII","EII",44,44
"5",-50058.97,-50387.9,8,88,0.21,0.02,1,40,"EII","EII",55,55
"6",-49745.35,-50001.31,101,148,0.72,0.09,89,38,"EII","EII",66,66
"7",-49412.96,-49716.47,143,175,0.08,0.18,120,41,"EII","EII",77,77
"8",-49147.64,-49467.6,90,101,0.24,0.36,60,58,"EII","EII",88,88
"9",-48932.82,-49255.39,13,30,0.81,0.3,8,12,"EII","EII",99,99
"10",-48750.3,-49082.85,48,141,0.02,0.49,13,5,"EII","EII",110,110
