"","best_ll_s1","best_ll_s2","iter_best_s1","iter_best_s2","d_s1","d_s2","iter4sec_s1","iter4sec_s2","model_s1","model_s2","df_1","df_2"
"1",-1e+07,-1e+07,NA,NA,0,0,NA,NA,NA,NA,NA,NA
"2",-52263.87,-52387.28,106,32,0.01,0,16,8,"EII","EII",22,22
"3",-51512.62,-51703.53,58,147,0.04,0,26,112,"EII","EII",33,33
"4",-50777.02,-50944.34,111,162,0.04,0,55,107,"EII","EII",44,44
"5",-50058.94,-50387.85,141,103,0.1,0.05,54,90,"EII","EII",55,55
"6",-49745.69,-50001.34,104,21,0.26,0.16,13,8,"EII","EII",66,66
"7",-49413.54,-49716.43,40,8,0,0.12,1,5,"EII","EII",77,77
"8",-49147.38,-49467.57,183,13,0.32,2.34,104,6,"EII","EII",88,88
"9",-48932.38,-49255.21,11,188,3.36,0.15,9,128,"EII","EII",99,99
"10",-48751.07,-49083.38,86,143,0.03,0.06,5,81,"EII","EII",110,110
