"","best_ll_s1","best_ll_s2","iter_best_s1","iter_best_s2","d_s1","d_s2","iter4sec_s1","iter4sec_s2","model_s1","model_s2","df_1","df_2"
"1",-1e+07,-1e+07,NA,NA,0,0,NA,NA,NA,NA,NA,NA
"2",-52263.9,-52386.98,116,19,0.02,0.15,16,12,"EII","EII",22,22
"3",-51512.61,-51703.54,179,136,0.09,0.01,92,121,"EII","EII",33,33
"4",-50777.02,-50944.3,95,146,0.09,0.08,83,96,"EII","EII",44,44
"5",-50059.02,-50388.13,126,10,0,0,70,5,"EII","EII",55,55
"6",-49745.24,-50001.37,39,148,0.49,0.03,4,86,"EII","EII",66,66
"7",-49413.24,-49716.81,27,19,0.35,0,10,1,"EII","EII",77,77
"8",-49147.61,-49467.44,78,138,0.27,0.22,73,69,"EII","EII",88,88
"9",-48932.83,-49255.62,158,150,0.24,0.04,123,79,"EII","EII",99,99
"10",-48751.28,-49082.86,22,68,6.28,0.01,15,26,"EII","EII",110,110
