"","best_ll_s1","best_ll_s2","iter_best_s1","iter_best_s2","d_s1","d_s2","iter4sec_s1","iter4sec_s2","model_s1","model_s2","df_1","df_2"
"1",-1e+07,-1e+07,NA,NA,0,0,NA,NA,NA,NA,NA,NA
"2",-52263.87,-52386.99,53,20,0.02,0.22,22,18,"EII","EII",22,22
"3",-51512.43,-51703.42,55,17,0.17,0.16,27,13,"EII","EII",33,33
"4",-50777.11,-50944.31,37,65,0.01,0.06,10,33,"EII","EII",44,44
"5",-50059.02,-50387.94,103,77,0.06,0,58,76,"EII","EII",55,55
"6",-49745.63,-50001.18,85,135,0.21,0.29,36,42,"EII","EII",66,66
"7",-49413.16,-49716.59,68,199,0.26,0.01,29,72,"EII","EII",77,77
"8",-49147.59,-49467.64,118,188,0.14,0,53,34,"EII","EII",88,88
"9",-48932.95,-49255.75,133,70,0.13,0.3,90,34,"EII","EII",99,99
"10",-48750.87,-49082.56,48,179,0.98,0.58,26,103,"EII","EII",110,110
