"","best_ll_s1","best_ll_s2","iter_best_s1","iter_best_s2","d_s1","d_s2","iter4sec_s1","iter4sec_s2","model_s1","model_s2","df_1","df_2"
"1",-1e+07,-1e+07,NA,NA,0,0,NA,NA,NA,NA,NA,NA
"2",-52263.87,-52386.96,118,121,0.09,0.01,94,77,"EII","EII",22,22
"3",-51512.35,-51703.51,114,138,0.31,0.04,93,1,"EII","EII",33,33
"4",-50777.05,-50944.29,56,33,0.05,0.04,35,29,"EII","EII",44,44
"5",-50059,-50387.87,131,73,0.01,0.02,5,13,"EII","EII",55,55
"6",-49745.57,-50001.23,200,63,0.04,0.18,1,19,"EII","EII",66,66
"7",-49413.03,-49716.38,162,63,0.04,0.24,157,25,"EII","EII",77,77
"8",-49147.7,-49467.75,49,81,0.28,0.02,17,48,"EII","EII",88,88
"9",-48932.53,-49255.62,29,63,1.62,0.17,28,28,"EII","EII",99,99
"10",-48750.92,-49082.66,136,190,0.14,0.2,34,148,"EII","EII",110,110
