"","best_ll_s1","best_ll_s2","iter_best_s1","iter_best_s2","d_s1","d_s2","iter4sec_s1","iter4sec_s2","model_s1","model_s2","df_1","df_2"
"1",-1e+07,-1e+07,NA,NA,0,0,NA,NA,NA,NA,NA,NA
"2",-52263.88,-52386.97,141,74,0.04,0.19,6,45,"EII","EII",22,22
"3",-51512.62,-51703.52,14,148,0.53,0.05,13,12,"EII","EII",33,33
"4",-50777.07,-50944.3,123,79,0,0.07,38,20,"EII","EII",44,44
"5",-50059.12,-50387.88,10,123,0,0.05,4,98,"EII","EII",55,55
"6",-49745.71,-50001.38,174,162,0.02,0.1,71,102,"EII","EII",66,66
"7",-49413.63,-49716.61,20,153,0,0.05,10,118,"EII","EII",77,77
"8",-49147.65,-49467.49,200,69,0.01,0.23,194,52,"EII","EII",88,88
"9",-48932.92,-49255.82,103,82,0.09,0.23,33,15,"EII","EII",99,99
"10",-48750.74,-49082.46,28,57,1.2,1.04,26,46,"EII","EII",110,110
