"","best_ll_s1","best_ll_s2","iter_best_s1","iter_best_s2","d_s1","d_s2","iter4sec_s1","iter4sec_s2","model_s1","model_s2","df_1","df_2"
"1",-1e+07,-1e+07,NA,NA,0,0,NA,NA,NA,NA,NA,NA
"2",-52263.88,-52386.96,134,138,0.02,0.01,115,43,"EII","EII",22,22
"3",-51512.6,-51703.56,173,184,0.07,0.04,65,115,"EII","EII",33,33
"4",-50777.09,-50944.32,70,40,0.05,0.07,28,5,"EII","EII",44,44
"5",-50059.01,-50387.94,77,164,0.02,0,75,158,"EII","EII",55,55
"6",-49745.39,-50001.25,16,33,1.16,0.18,2,7,"EII","EII",66,66
"7",-49413.2,-49716.29,148,85,0.19,0.41,94,43,"EII","EII",77,77
"8",-49148.11,-49467.59,60,141,0,0.11,50,106,"EII","EII",88,88
"9",-48933.11,-49255.27,79,8,0.1,2.14,47,1,"EII","EII",99,99
"10",-48750.82,-49082.72,111,90,0.77,0.53,100,23,"EII","EII",110,110
