"","best_ll_s1","best_ll_s2","iter_best_s1","iter_best_s2","d_s1","d_s2","iter4sec_s1","iter4sec_s2","model_s1","model_s2","df_1","df_2"
"1",-1e+07,-1e+07,NA,NA,0,0,NA,NA,NA,NA,NA,NA
"2",-52263.9,-52387.01,197,194,0.01,0.01,3,87,"EII","EII",22,22
"3",-51512.37,-51703.5,24,36,0.58,0.03,4,8,"EII","EII",33,33
"4",-50776.95,-50944.27,169,157,0.17,0.09,24,58,"EII","EII",44,44
"5",-50058.94,-50387.87,199,26,0.02,0.05,161,16,"EII","EII",55,55
"6",-49745.53,-50001.35,51,175,0.02,0.14,20,160,"EII","EII",66,66
"7",-49413.12,-49716.42,16,100,0.35,0.39,5,41,"EII","EII",77,77
"8",-49147.37,-49467.48,1,143,4000041900.86,0.06,0,4,"EII","EII",88,88
"9",-48932.65,-49255.47,52,4,0.51,1.57,7,2,"EII","EII",99,99
"10",-48750.7,-49082.46,90,39,1.44,0.69,14,2,"EII","EII",110,110
