"","best_ll_s1","best_ll_s2","iter_best_s1","iter_best_s2","d_s1","d_s2","iter4sec_s1","iter4sec_s2","model_s1","model_s2","df_1","df_2"
"1",-1e+07,-1e+07,NA,NA,0,0,NA,NA,NA,NA,NA,NA
"2",-52263.89,-52386.95,57,167,0.1,0.01,21,122,"EII","EII",22,22
"3",-51512.55,-51703.54,108,48,0.13,0.03,34,28,"EII","EII",33,33
"4",-50777,-50944.3,72,118,0,0.05,84,43,"EII","EII",44,44
"5",-50059.02,-50387.88,114,36,0.05,0.04,43,9,"EII","EII",55,55
"6",-49745.46,-50001.43,75,171,0,0,84,184,"EII","EII",66,66
"7",-49413.22,-49716.56,154,157,0.12,0.01,132,46,"EII","EII",77,77
"8",-49147.33,-49467.51,133,145,0.3,0.04,29,8,"EII","EII",88,88
"9",-48933.02,-49255.41,122,64,0.01,0.4,186,23,"EII","EII",99,99
"10",-48750.73,-49083.1,1,149,0.1,0.26,118,114,"EII","EII",110,110
