"","best_ll_s1","best_ll_s2","iter_best_s1","iter_best_s2","d_s1","d_s2","iter4sec_s1","iter4sec_s2","model_s1","model_s2","df_1","df_2"
"1",-1e+07,-1e+07,NA,NA,0,0,NA,NA,NA,NA,NA,NA
"2",-52263.89,-52386.98,88,52,0.02,0.1,74,36,"EII","EII",22,22
"3",-51512.41,-51703.57,200,43,0.12,0.04,8,10,"EII","EII",33,33
"4",-50776.99,-50944.31,196,174,0.1,0.05,38,78,"EII","EII",44,44
"5",-50058.97,-50387.84,160,187,0.07,0.07,64,119,"EII","EII",55,55
"6",-49745.49,-50001.33,145,50,0.15,0.19,111,31,"EII","EII",66,66
"7",-49413.03,-49716.58,188,118,0.05,0.14,100,7,"EII","EII",77,77
"8",-49147.56,-49467.61,122,94,0.2,0.12,10,30,"EII","EII",88,88
"9",-48932.54,-49255.7,23,101,0.78,0.03,5,71,"EII","EII",99,99
"10",-48750.77,-49082.33,192,102,0.24,1.09,11,74,"EII","EII",110,110
