"","best_ll_s1","best_ll_s2","iter_best_s1","iter_best_s2","d_s1","d_s2","iter4sec_s1","iter4sec_s2","model_s1","model_s2","df_1","df_2"
"1",-1e+07,-1e+07,NA,NA,0,0,NA,NA,NA,NA,NA,NA
"2",-52263.88,-52386.95,114,67,0.01,0.04,23,43,"EII","EII",22,22
"3",-51512.5,-51703.49,65,124,0.36,0.03,52,18,"EII","EII",33,33
"4",-50776.97,-50944.27,175,181,0.13,0.05,26,126,"EII","EII",44,44
"5",-50059,-50388.51,9,5,0.15,0,8,2,"EII","EII",55,55
"6",-49745.55,-50001.31,193,25,0.05,0.26,4,16,"EII","EII",66,66
"7",-49413.33,-49716.54,82,71,0.18,0.03,68,11,"EII","EII",77,77
"8",-49147.47,-49467.6,110,162,0.48,0.02,97,125,"EII","EII",88,88
"9",-48932.69,-49255.28,87,167,0.03,0.1,69,103,"EII","EII",99,99
"10",-48751.03,-49082.4,83,12,0.61,0.61,64,7,"EII","EII",110,110
