"","best_ll_s1","best_ll_s2","iter_best_s1","iter_best_s2","d_s1","d_s2","iter4sec_s1","iter4sec_s2","model_s1","model_s2","df_1","df_2"
"1",-1e+07,-1e+07,NA,NA,0,0,NA,NA,NA,NA,NA,NA
"2",-52263.9,-52386.97,88,104,0.04,0.03,49,29,"EII","EII",22,22
"3",-51513.32,-51703.49,10,72,0,0.06,7,44,"EII","EII",33,33
"4",-50777.01,-50944.25,42,114,0.13,0.02,24,10,"EII","EII",44,44
"5",-50059.03,-50387.88,2,170,446.97,0.02,1,112,"EII","EII",55,55
"6",-49745.78,-50001.14,65,174,0.11,0.28,55,77,"EII","EII",66,66
"7",-49413.21,-49716.77,116,42,0.01,0,100,34,"EII","EII",77,77
"8",-49147.58,-49467.51,154,151,0.04,0.1,114,65,"EII","EII",88,88
"9",-48932.96,-49255.81,145,2,0.02,91.16,16,1,"EII","EII",99,99
"10",-48750.81,-49082.35,76,92,0,0.83,60,72,"EII","EII",110,110
