"","best_ll_s1","best_ll_s2","iter_best_s1","iter_best_s2","d_s1","d_s2","iter4sec_s1","iter4sec_s2","model_s1","model_s2","df_1","df_2"
"1",-1e+07,-1e+07,NA,NA,0,0,NA,NA,NA,NA,NA,NA
"2",-52263.89,-52386.97,177,172,0.03,0.01,115,75,"EII","EII",22,22
"3",-51512.59,-51703.44,85,126,0.02,0.05,17,48,"EII","EII",33,33
"4",-50777.08,-50944.36,85,115,0,0,85,45,"EII","EII",44,44
"5",-50059.03,-50387.9,20,176,0.1,0.01,17,45,"EII","EII",55,55
"6",-49745.3,-50001.34,2,25,0,0,2,25,"EII","EII",66,66
"7",-49413.15,-49716.44,44,177,0.58,0.08,37,50,"EII","EII",77,77
"8",-49147.76,-49467.41,101,132,0,0,101,132,"EII","EII",88,88
"9",-48932.93,-49255.32,11,20,0,1.6,11,14,"EII","EII",99,99
"10",-48750.46,-49082.81,17,117,0,0,17,117,"EII","EII",110,110
