"","best_ll_s1","best_ll_s2","iter_best_s1","iter_best_s2","d_s1","d_s2","iter4sec_s1","iter4sec_s2","model_s1","model_s2","df_1","df_2"
"1",-1e+07,-1e+07,NA,NA,0,0,NA,NA,NA,NA,NA,NA
"2",-52263.92,-52386.98,186,12,0.01,0,52,12,"EII","EII",22,22
"3",-51512.47,-51703.55,50,17,0,0,50,26,"EII","EII",33,33
"4",-50776.96,-50944.34,50,197,0,0.02,50,194,"EII","EII",44,44
"5",-50059.03,-50387.89,89,112,0,0.02,89,66,"EII","EII",55,55
"6",-49745.61,-50001.35,65,43,0,0,65,43,"EII","EII",66,66
"7",-49413.06,-49716.65,106,13,0.43,0.28,86,11,"EII","EII",77,77
"8",-49147.89,-49467.64,169,55,0.01,0.19,42,50,"EII","EII",88,88
"9",-48932.67,-49255.76,65,70,0.58,0.21,3,30,"EII","EII",99,99
"10",-48751.74,-49082.29,170,21,0.03,1.97,141,19,"EII","EII",110,110
