"","best_ll_s1","best_ll_s2","iter_best_s1","iter_best_s2","d_s1","d_s2","iter4sec_s1","iter4sec_s2","model_s1","model_s2","df_1","df_2"
"1",-1e+07,-1e+07,NA,NA,0,0,NA,NA,NA,NA,NA,NA
"2",-52263.89,-52386.97,118,128,0,0,118,83,"EII","EII",22,22
"3",-51512.55,-51703.52,177,91,0.08,0,134,91,"EII","EII",33,33
"4",-50777.07,-50944.35,128,143,0,0.03,128,36,"EII","EII",44,44
"5",-50059.07,-50387.87,74,179,0,0.04,74,48,"EII","EII",55,55
"6",-49745.25,-50001.23,57,168,0.32,0.05,7,162,"EII","EII",66,66
"7",-49413.37,-49716.37,162,9,0.13,0,36,9,"EII","EII",77,77
"8",-49147.64,-49467.19,24,108,0.14,0.16,3,11,"EII","EII",88,88
"9",-48932.87,-49255.4,93,91,0,0,93,91,"EII","EII",99,99
"10",-48750.91,-49082.63,132,167,0,0.67,132,103,"EII","EII",110,110
