"","best_ll_s1","best_ll_s2","iter_best_s1","iter_best_s2","d_s1","d_s2","iter4sec_s1","iter4sec_s2","model_s1","model_s2","df_1","df_2"
"1",-1e+07,-1e+07,NA,NA,0,0,NA,NA,NA,NA,NA,NA
"2",-52263.87,-52386.98,87,131,0.08,0.08,1,84,"EII","EII",22,22
"3",-51512.55,-51703.39,72,58,0.1,0.12,47,32,"EII","EII",33,33
"4",-50777,-50944.25,15,32,0.13,0.12,7,21,"EII","EII",44,44
"5",-50059.04,-50387.94,169,170,0.01,0,38,85,"EII","EII",55,55
"6",-49745.54,-50001.12,117,62,0.08,0.4,42,59,"EII","EII",66,66
"7",-49412.88,-49716.44,176,13,0.39,0.51,125,3,"EII","EII",77,77
"8",-49147.48,-49467.47,61,85,0.14,0.2,42,37,"EII","EII",88,88
"9",-48932.78,-49255.5,27,90,1.45,0.34,14,51,"EII","EII",99,99
"10",-48750.84,-49082.38,130,87,0.42,1.58,108,38,"EII","EII",110,110
