"","best_ll_s1","best_ll_s2","iter_best_s1","iter_best_s2","d_s1","d_s2","iter4sec_s1","iter4sec_s2","model_s1","model_s2","df_1","df_2"
"1",-1e+07,-1e+07,NA,NA,0,0,NA,NA,NA,NA,NA,NA
"2",-52263.87,-52386.96,179,64,0.01,0.11,108,8,"EII","EII",22,22
"3",-51512.58,-51703.52,31,38,0.33,0.07,28,6,"EII","EII",33,33
"4",-50777.22,-50944.32,21,68,0,0.09,16,1,"EII","EII",44,44
"5",-50059,-50387.9,69,42,0.09,0.01,29,28,"EII","EII",55,55
"6",-49745.17,-50001.35,76,74,0.21,0.09,22,33,"EII","EII",66,66
"7",-49412.92,-49716.46,40,172,0.4,0.25,29,39,"EII","EII",77,77
"8",-49147.45,-49467.49,176,128,0.34,0.1,36,23,"EII","EII",88,88
"9",-48932.78,-49255.71,142,44,0.48,0.42,140,43,"EII","EII",99,99
"10",-48750.78,-49082.68,188,105,0.15,0.59,65,47,"EII","EII",110,110
