"","best_ll_s1","best_ll_s2","iter_best_s1","iter_best_s2","d_s1","d_s2","iter4sec_s1","iter4sec_s2","model_s1","model_s2","df_1","df_2"
"1",-1e+07,-1e+07,NA,NA,0,0,NA,NA,NA,NA,NA,NA
"2",-52263.88,-52386.95,46,44,0.13,0,2,44,"EII","EII",22,22
"3",-51512.44,-51703.48,22,98,0,0.12,22,19,"EII","EII",33,33
"4",-50777.09,-50944.32,72,184,0.02,0.02,22,53,"EII","EII",44,44
"5",-50059.03,-50387.83,196,46,0.05,0.07,150,8,"EII","EII",55,55
"6",-49745.28,-50001.22,197,135,0,0.14,197,118,"EII","EII",66,66
"7",-49413.13,-49716.46,134,142,0.14,0,123,142,"EII","EII",77,77
"8",-49147.63,-49467.54,95,103,0.39,0,41,103,"EII","EII",88,88
"9",-48932.85,-49255.45,158,36,0.2,0,129,36,"EII","EII",99,99
"10",-48751.53,-49082.6,30,193,0,0,30,193,"EII","EII",110,110
