"","best_ll_s1","best_ll_s2","iter_best_s1","iter_best_s2","d_s1","d_s2","iter4sec_s1","iter4sec_s2","model_s1","model_s2","df_1","df_2"
"1",-1e+07,-1e+07,NA,NA,0,0,NA,NA,NA,NA,NA,NA
"2",-52263.87,-52386.96,133,30,0.01,0.27,105,14,"EII","EII",22,22
"3",-51512.34,-51703.56,196,124,0.27,0.01,141,88,"EII","EII",33,33
"4",-50776.97,-50944.31,147,63,0.04,0.04,109,39,"EII","EII",44,44
"5",-50059.29,-50387.87,2,13,0,0.1,1,8,"EII","EII",55,55
"6",-49745.4,-50001.4,61,193,0.1,0.01,39,113,"EII","EII",66,66
"7",-49412.93,-49716.37,32,75,0.24,0.08,25,54,"EII","EII",77,77
"8",-4000091048.23,-490000468.71,0,0,590.39,100.69,1,1,"EII","EII",88,88
"9",-480009032.88,-490000256.29,0,0,200.11,604.68,1,1,"EII","EII",99,99
"10",-400800807.6,-400090167.26,0,0,50,50,1,1,"EII","EII",110,110
