"","best_ll_s1","best_ll_s2","iter_best_s1","iter_best_s2","d_s1","d_s2","iter4sec_s1","iter4sec_s2","model_s1","model_s2","df_1","df_2"
"1",-1e+07,-1e+07,NA,NA,0,0,NA,NA,NA,NA,NA,NA
"2",-52264.23,-52387.29,3,4,0,0,2,2,"EII","EII",22,22
"3",-51644.62,-51703.57,3,58,0,0,2,12,"EII","EII",33,33
"4",-50776.97,-50944.33,181,150,0,0,56,3,"EII","EII",44,44
"5",-50059.17,-50388.39,10,3,0,0,6,1,"EII","EII",55,55
"6",-49745.56,-50001.29,136,76,0.2,0,29,35,"EII","EII",66,66
"7",-49413.55,-49717.01,55,13,0,0,43,6,"EII","EII",77,77
"8",-49147.95,-49467.8,45,108,0.2,0,4,40,"EII","EII",88,88
"9",-48932.89,-49256.94,93,15,0.3,0,34,11,"EII","EII",99,99
"10",-48751.27,-49083.24,60,7,0,23.3,27,2,"EII","EII",110,110
