"","best_ll_s1","best_ll_s2","iter_best_s1","iter_best_s2","d_s1","d_s2","iter4sec_s1","iter4sec_s2","model_s1","model_s2","df_1","df_2"
"1",-1e+07,-1e+07,NA,NA,0,0,NA,NA,NA,NA,NA,NA
"2",-52263.87,-52386.97,172,65,0.01,0,102,56,"EII","EII",22,22
"3",-51512.62,-51703.47,90,109,0.19,0.11,50,104,"EII","EII",33,33
"4",-50777.06,-50944.34,184,70,0.06,0.01,162,176,"EII","EII",44,44
"5",-50058.95,-50387.84,173,131,0.02,0.04,165,160,"EII","EII",55,55
"6",-49745.36,-50001.32,77,170,0.19,0.04,34,85,"EII","EII",66,66
"7",-49413.08,-49716.32,20,132,0.54,0.25,7,58,"EII","EII",77,77
"8",-49147.44,-49467.25,74,156,0.01,0.39,71,3,"EII","EII",88,88
"9",-48932.71,-49255.5,86,121,0.39,0.66,36,70,"EII","EII",99,99
"10",-48750.31,-49082.32,168,110,0.25,0.44,33,72,"EII","EII",110,110
