"","best_ll_s1","best_ll_s2","iter_best_s1","iter_best_s2","d_s1","d_s2","iter4sec_s1","iter4sec_s2","model_s1","model_s2","df_1","df_2"
"1",-1e+07,-1e+07,NA,NA,0,0,NA,NA,NA,NA,NA,NA
"2",-52263.87,-52386.95,160,197,0,0,152,160,"EII","EII",22,22
"3",-51512.49,-51703.43,126,156,0.01,0.08,6,146,"EII","EII",33,33
"4",-50777.05,-50944.26,155,194,0.02,0.08,84,153,"EII","EII",44,44
"5",-50059.02,-50387.88,17,112,0.01,0,9,133,"EII","EII",55,55
"6",-49745.23,-50001.23,137,159,0.26,0.22,76,62,"EII","EII",66,66
"7",-49413.27,-49716.41,44,68,0.02,0.43,156,12,"EII","EII",77,77
"8",-49147.43,-49467.32,177,83,0.01,0.42,73,11,"EII","EII",88,88
"9",-48932.89,-49255.57,82,99,0.23,0.08,108,135,"EII","EII",99,99
"10",-48750.45,-49082.67,37,191,0.8,0.3,185,130,"EII","EII",110,110
