"","best_ll_s1","best_ll_s2","iter_best_s1","iter_best_s2","d_s1","d_s2","iter4sec_s1","iter4sec_s2","model_s1","model_s2","df_1","df_2"
"1",-1e+07,-1e+07,NA,NA,0,0,NA,NA,NA,NA,NA,NA
"2",-52263.88,-52386.95,191,103,0,0.06,36,52,"EII","EII",22,22
"3",-51512.38,-51703.51,52,107,0.28,0.03,36,64,"EII","EII",33,33
"4",-50777.06,-50944.28,55,175,0.03,0.01,53,123,"EII","EII",44,44
"5",-50058.96,-50387.85,134,183,0.09,0.08,57,181,"EII","EII",55,55
"6",-49745.18,-50001.39,130,143,0.42,0.02,53,71,"EII","EII",66,66
"7",-49413.21,-49716.56,56,75,0.36,0.1,43,57,"EII","EII",77,77
"8",-49147.47,-49467.48,180,132,0.26,0.21,13,1,"EII","EII",88,88
"9",-48932.9,-49255.4,66,91,0.8,0.64,36,54,"EII","EII",99,99
"10",-48751.36,-49082.52,21,15,0.17,0.56,3,5,"EII","EII",110,110
