"","best_ll_s1","best_ll_s2","iter_best_s1","iter_best_s2","d_s1","d_s2","iter4sec_s1","iter4sec_s2","model_s1","model_s2","df_1","df_2"
"1",-1e+07,-1e+07,NA,NA,0,0,NA,NA,NA,NA,NA,NA
"2",-52263.87,-52386.96,42,42,0,0.01,54,28,"EII","EII",22,22
"3",-51512.18,-51703.38,177,55,0.25,0,184,93,"EII","EII",33,33
"4",-50777,-50944.24,193,7,0.03,0,109,30,"EII","EII",44,44
"5",-50058.96,-50387.87,77,182,0.11,0,124,179,"EII","EII",55,55
"6",-49745.33,-50001.31,70,118,0.13,0.02,12,3,"EII","EII",66,66
"7",-49413.12,-49716.43,79,50,0.13,0.39,76,18,"EII","EII",77,77
"8",-49147.44,-49467.19,155,129,0.11,0.12,22,109,"EII","EII",88,88
"9",-48932.49,-49255.65,197,59,0.64,0.09,196,137,"EII","EII",99,99
"10",-48750.08,-49082.6,17,145,1.04,0.26,6,138,"EII","EII",110,110
