"","best_ll_s1","best_ll_s2","iter_best_s1","iter_best_s2","d_s1","d_s2","iter4sec_s1","iter4sec_s2","model_s1","model_s2","df_1","df_2"
"1",-1e+07,-1e+07,NA,NA,0,0,NA,NA,NA,NA,NA,NA
"2",-52263.87,-52386.95,138,188,0.02,0.01,131,53,"EII","EII",22,22
"3",-51512.47,-51703.48,156,2,0.05,0.3,112,1,"EII","EII",33,33
"4",-50777,-50944.27,33,183,0.22,0.07,27,182,"EII","EII",44,44
"5",-50058.94,-50387.82,154,44,0.1,0,82,89,"EII","EII",55,55
"6",-49745.45,-50001.19,23,113,0.29,0.22,6,104,"EII","EII",66,66
"7",-49413.11,-49716.38,179,16,0.05,0.13,52,46,"EII","EII",77,77
"8",-49147.48,-49467.64,173,33,0.04,0.89,109,1,"EII","EII",88,88
"9",-48932.71,-49255.44,126,34,0.2,0.86,118,30,"EII","EII",99,99
"10",-48750.65,-49082.84,42,31,0.07,0.89,146,20,"EII","EII",110,110
