"","best_ll_s1","best_ll_s2","iter_best_s1","iter_best_s2","d_s1","d_s2","iter4sec_s1","iter4sec_s2","model_s1","model_s2","df_1","df_2"
"1",-1e+07,-1e+07,NA,NA,0,0,NA,NA,NA,NA,NA,NA
"2",-52263.89,-52386.97,180,175,0.03,0.08,108,69,"EII","EII",22,22
"3",-51512.71,-51703.47,26,26,0.01,0.15,13,9,"EII","EII",33,33
"4",-50777.07,-50944.34,122,160,0.01,0.01,80,73,"EII","EII",44,44
"5",-50059.08,-50387.89,136,17,0.02,0.19,95,15,"EII","EII",55,55
"6",-49745.24,-50001.28,3,125,26.27,0.06,1,39,"EII","EII",66,66
"7",-49413.19,-49716.61,51,152,0.11,0.01,19,15,"EII","EII",77,77
"8",-49147.77,-49467.35,34,31,0.76,0.19,29,30,"EII","EII",88,88
"9",-48932.47,-49255.44,131,130,0.51,0.72,85,62,"EII","EII",99,99
"10",-48750.41,-49083.44,54,192,2.19,0.25,43,122,"EII","EII",110,110
