"","best_ll_s1","best_ll_s2","iter_best_s1","iter_best_s2","d_s1","d_s2","iter4sec_s1","iter4sec_s2","model_s1","model_s2","df_1","df_2"
"1",-1e+07,-1e+07,NA,NA,0,0,NA,NA,NA,NA,NA,NA
"2",-52263.87,-52386.96,118,62,0.02,0.01,75,24,"EII","EII",22,22
"3",-51512.46,-51703.51,142,46,0.06,0.03,32,27,"EII","EII",33,33
"4",-50777,-50944.33,26,90,0.33,0.01,3,22,"EII","EII",44,44
"5",-50058.99,-50387.77,95,69,0.06,0.12,10,83,"EII","EII",55,55
"6",-49745.44,-50001.25,87,135,0.06,0.03,85,34,"EII","EII",66,66
"7",-49412.88,-49716.41,188,134,0.29,0.2,164,68,"EII","EII",77,77
"8",-49147.46,-49467.43,80,127,0.07,0.09,195,6,"EII","EII",88,88
"9",-48932.72,-49255.56,148,3,0.1,1.38,116,2,"EII","EII",99,99
"10",-48750.98,-49082.74,12,167,0.54,0.25,191,48,"EII","EII",110,110
