"","best_ll_s1","best_ll_s2","iter_best_s1","iter_best_s2","d_s1","d_s2","iter4sec_s1","iter4sec_s2","model_s1","model_s2","df_1","df_2"
"1",-1e+07,-1e+07,NA,NA,0,0,NA,NA,NA,NA,NA,NA
"2",-52263.87,-52386.95,55,38,0.08,0.32,3,26,"EII","EII",22,22
"3",-51512.64,-51703.67,108,18,0.02,0,32,15,"EII","EII",33,33
"4",-50777.09,-50944.35,113,132,0.02,0,2,10,"EII","EII",44,44
"5",-50059.01,-50387.89,146,171,0.03,0,41,95,"EII","EII",55,55
"6",-49745.52,-50001.41,58,173,0.09,0.02,54,64,"EII","EII",66,66
"7",-49413.06,-49716.54,159,81,0.2,0,2,35,"EII","EII",77,77
"8",-49147.71,-49467.54,37,184,0.23,0.12,7,110,"EII","EII",88,88
"9",-48932.79,-49255.37,172,152,0.18,0.29,147,120,"EII","EII",99,99
"10",-48750.88,-49082.9,82,16,1.04,2.48,42,9,"EII","EII",110,110
