"","best_ll_s1","best_ll_s2","iter_best_s1","iter_best_s2","d_s1","d_s2","iter4sec_s1","iter4sec_s2","model_s1","model_s2","df_1","df_2"
"1",-1e+07,-1e+07,NA,NA,0,0,NA,NA,NA,NA,NA,NA
"2",-52263.88,-52386.97,77,23,0.02,0.03,4,13,"EII","EII",22,22
"3",-51512.69,-51703.5,5,6,0.64,0.29,3,3,"EII","EII",33,33
"4",-50777,-50944.32,13,141,0.15,0.04,5,19,"EII","EII",44,44
"5",-50059.09,-50387.89,116,30,0.01,0.26,35,13,"EII","EII",55,55
"6",-49745.7,-50001.17,199,78,0,0.16,128,26,"EII","EII",66,66
"7",-49413.12,-49716.45,26,54,0.39,0.2,16,14,"EII","EII",77,77
"8",-49147.88,-49467.78,2,68,126.15,0.17,1,32,"EII","EII",88,88
"9",-48932.93,-49255.32,87,88,0.16,0.06,56,29,"EII","EII",99,99
"10",-48750.72,-49082.48,136,33,0.36,1.49,113,27,"EII","EII",110,110
