"","best_ll_s1","best_ll_s2","iter_best_s1","iter_best_s2","d_s1","d_s2","iter4sec_s1","iter4sec_s2","model_s1","model_s2","df_1","df_2"
"1",-1e+07,-1e+07,NA,NA,0,0,NA,NA,NA,NA,NA,NA
"2",-52263.88,-52386.97,121,69,0.01,0.01,9,14,"EII","EII",22,22
"3",-51512.63,-51703.53,95,190,0,0,95,190,"EII","EII",33,33
"4",-50776.97,-50944.33,116,124,0,0.09,41,116,"EII","EII",44,44
"5",-50059.06,-50387.78,50,157,0.04,0.07,39,137,"EII","EII",55,55
"6",-49745.43,-50001.42,50,60,0.09,0,42,60,"EII","EII",66,66
"7",-49413.23,-49716.42,41,156,0.38,0,5,156,"EII","EII",77,77
"8",-49147.65,-49467.65,154,134,0.11,0.01,62,108,"EII","EII",88,88
"9",-48933.1,-49255.81,137,155,0,0,137,155,"EII","EII",99,99
"10",-48751.39,-49082.62,192,89,0,0.74,192,5,"EII","EII",110,110
