"","best_ll_s1","best_ll_s2","iter_best_s1","iter_best_s2","d_s1","d_s2","iter4sec_s1","iter4sec_s2","model_s1","model_s2","df_1","df_2"
"1",-1e+07,-1e+07,NA,NA,0,0,NA,NA,NA,NA,NA,NA
"2",-52263.88,-52386.97,182,171,0,0,198,174,"EII","EII",22,22
"3",-51512.6,-51703.47,77,129,0,0.1,120,1,"EII","EII",33,33
"4",-50777.09,-50944.35,77,186,0,0.01,70,62,"EII","EII",44,44
"5",-50058.99,-50387.93,128,134,0,0,198,16,"EII","EII",55,55
"6",-49745.53,-50001.3,124,77,0.13,0.1,115,8,"EII","EII",66,66
"7",-49413.3,-49716.53,138,35,0.05,0.12,54,152,"EII","EII",77,77
"8",-49147.75,-49467.32,149,186,0.21,0.1,92,111,"EII","EII",88,88
"9",-48932.95,-49255.54,172,123,0.13,0.25,128,119,"EII","EII",99,99
"10",-48750.58,-49082.56,52,36,1.7,2.8,26,33,"EII","EII",110,110
