"","best_ll_s1","best_ll_s2","iter_best_s1","iter_best_s2","d_s1","d_s2","iter4sec_s1","iter4sec_s2","model_s1","model_s2","df_1","df_2"
"1",-1e+07,-1e+07,NA,NA,0,0,NA,NA,NA,NA,NA,NA
"2",-52263.9,-52386.97,2,188,0.51,0.01,1,65,"EII","EII",22,22
"3",-51512.61,-51703.53,187,22,0,0.02,187,3,"EII","EII",33,33
"4",-50777.01,-50944.3,5,120,0,0,5,144,"EII","EII",44,44
"5",-50059.06,-50387.87,31,180,0,0.03,31,163,"EII","EII",55,55
"6",-49745.43,-50001.21,81,44,0,0.24,81,1,"EII","EII",66,66
"7",-49413.23,-49716.38,109,60,0.27,0.16,53,8,"EII","EII",77,77
"8",-49147.55,-49467.59,90,68,0,0.32,90,45,"EII","EII",88,88
"9",-48932.84,-49255.42,103,91,0,0,103,91,"EII","EII",99,99
"10",-48750.75,-49083.44,17,182,0,0,17,182,"EII","EII",110,110
