"","best_ll_s1","best_ll_s2","iter_best_s1","iter_best_s2","d_s1","d_s2","iter4sec_s1","iter4sec_s2","model_s1","model_s2","df_1","df_2"
"1",-1e+07,-1e+07,NA,NA,0,0,NA,NA,NA,NA,NA,NA
"2",-52263.89,-52386.99,175,84,0,0,175,86,"EII","EII",22,22
"3",-51512.52,-51703.51,73,59,0,0,73,59,"EII","EII",33,33
"4",-50777.07,-50944.36,48,185,0.07,0,42,185,"EII","EII",44,44
"5",-50058.91,-50387.88,181,126,0.02,0,55,126,"EII","EII",55,55
"6",-49745.3,-50001.4,167,124,0.03,0.01,45,109,"EII","EII",66,66
"7",-49413.2,-49716.44,49,67,0.04,0,13,67,"EII","EII",77,77
"8",-49147.85,-49467.5,123,24,0,0,123,24,"EII","EII",88,88
"9",-48932.62,-49255.84,58,25,0,0.25,58,22,"EII","EII",99,99
"10",-48751.62,-49082.32,17,84,0,0,17,84,"EII","EII",110,110
