"","best_ll_s1","best_ll_s2","iter_best_s1","iter_best_s2","d_s1","d_s2","iter4sec_s1","iter4sec_s2","model_s1","model_s2","df_1","df_2"
"1",-1e+07,-1e+07,NA,NA,0,0,NA,NA,NA,NA,NA,NA
"2",-52263.92,-52386.96,187,118,0.03,0.01,82,26,"EII","EII",22,22
"3",-51512.61,-51703.52,199,57,0.02,0,178,157,"EII","EII",33,33
"4",-50776.98,-50944.28,19,193,0.2,0.03,14,121,"EII","EII",44,44
"5",-50059.05,-50387.88,3,101,0,0.09,103,63,"EII","EII",55,55
"6",-49745.35,-50001.32,151,103,0.07,0.14,88,100,"EII","EII",66,66
"7",-49413.23,-49716.62,144,13,0.08,0.17,42,1,"EII","EII",77,77
"8",-49147.57,-49467.55,100,142,0,0.01,200,37,"EII","EII",88,88
"9",-48932.87,-49255.87,53,20,0.65,0,39,120,"EII","EII",99,99
"10",-48749.74,-49082.94,170,44,1.04,0.37,151,14,"EII","EII",110,110
