"","best_ll_s1","best_ll_s2","iter_best_s1","iter_best_s2","d_s1","d_s2","iter4sec_s1","iter4sec_s2","model_s1","model_s2","df_1","df_2"
"1",-1e+07,-1e+07,NA,NA,0,0,NA,NA,NA,NA,NA,NA
"2",-52263.9,-52387.04,104,130,0,0.02,4,100,"EII","EII",22,22
"3",-51512.77,-51703.48,39,82,0.24,0.05,15,10,"EII","EII",33,33
"4",-50777.04,-50944.34,66,185,0.06,0,53,85,"EII","EII",44,44
"5",-50059.08,-50387.98,136,117,0,0,36,17,"EII","EII",55,55
"6",-49745.74,-50001.24,125,14,0,0.38,25,2,"EII","EII",66,66
"7",-49412.84,-49716.41,51,43,0.77,0.56,10,38,"EII","EII",77,77
"8",-49147.89,-49467.57,185,91,0,0.19,85,62,"EII","EII",88,88
"9",-48932.8,-49255.59,105,41,0,1.7,5,31,"EII","EII",99,99
"10",-48752.36,-49083.41,128,141,0,0,28,41,"EII","EII",110,110
