"","best_ll_s1","best_ll_s2","iter_best_s1","iter_best_s2","d_s1","d_s2","iter4sec_s1","iter4sec_s2","model_s1","model_s2","df_1","df_2"
"1",-1e+07,-1e+07,NA,NA,0,0,NA,NA,NA,NA,NA,NA
"2",-52263.88,-52386.98,122,74,0,0,22,37,"EII","EII",22,22
"3",-51512.59,-51703.48,199,66,0,0.11,99,31,"EII","EII",33,33
"4",-50777.04,-50944.39,119,166,0,0,19,86,"EII","EII",44,44
"5",-50059.03,-50387.88,190,152,0.03,0.06,119,110,"EII","EII",55,55
"6",-49745.54,-50001.5,133,13,0,0.44,33,4,"EII","EII",66,66
"7",-49413.35,-49716.37,29,188,0.23,0.32,13,148,"EII","EII",77,77
"8",-49147.72,-49467.7,69,181,0.39,0,16,81,"EII","EII",88,88
"9",-48932.99,-49255.24,32,166,0.2,0,28,66,"EII","EII",99,99
"10",-48750.2,-49082.98,41,121,1.91,0,28,21,"EII","EII",110,110
