"","best_ll_s1","best_ll_s2","iter_best_s1","iter_best_s2","d_s1","d_s2","iter4sec_s1","iter4sec_s2","model_s1","model_s2","df_1","df_2"
"1",-1e+07,-1e+07,NA,NA,0,0,NA,NA,NA,NA,NA,NA
"2",-52263.87,-52386.99,143,164,0.01,0.04,136,106,"EII","EII",22,22
"3",-51512.52,-51703.48,146,23,0.1,0,50,123,"EII","EII",33,33
"4",-50777,-50944.35,128,2,0.05,0,120,102,"EII","EII",44,44
"5",-50059.03,-50387.87,150,38,0.05,0,69,138,"EII","EII",55,55
"6",-49745.44,-50001.32,112,91,0.34,0,52,191,"EII","EII",66,66
"7",-49413.14,-49716.49,87,94,0.11,0.05,64,93,"EII","EII",77,77
"8",-49147.67,-49467.58,192,140,0.3,0,29,157,"EII","EII",88,88
"9",-48932.87,-49255.67,187,181,0.07,0.11,109,149,"EII","EII",99,99
"10",-48751.49,-49082.98,155,145,0.17,0.22,7,32,"EII","EII",110,110
