"","best_ll_s1","best_ll_s2","iter_best_s1","iter_best_s2","d_s1","d_s2","iter4sec_s1","iter4sec_s2","model_s1","model_s2","df_1","df_2"
"1",-1e+07,-1e+07,NA,NA,0,0,NA,NA,NA,NA,NA,NA
"2",-52263.91,-52386.96,47,108,0.09,0.06,39,104,"EII","EII",22,22
"3",-51512.38,-51703.55,123,127,0.2,0,22,3,"EII","EII",33,33
"4",-50776.97,-50944.34,21,27,0.07,0,11,127,"EII","EII",44,44
"5",-50059.04,-50387.84,178,98,0.07,0.04,33,18,"EII","EII",55,55
"6",-49745.47,-50001.22,7,10,0,0,107,110,"EII","EII",66,66
"7",-49413.01,-49716.55,54,89,0.5,0.32,19,2,"EII","EII",77,77
"8",-49147.78,-49467.39,98,140,0,0.19,198,33,"EII","EII",88,88
"9",-48932.77,-49255.47,150,61,0.13,0,18,161,"EII","EII",99,99
"10",-48749.86,-49082.96,59,140,2.5,0.33,34,116,"EII","EII",110,110
