"","best_ll_s1","best_ll_s2","iter_best_s1","iter_best_s2","d_s1","d_s2","iter4sec_s1","iter4sec_s2","model_s1","model_s2","df_1","df_2"
"1",-1e+07,-1e+07,NA,NA,0,0,NA,NA,NA,NA,NA,NA
"2",-52263.92,-52386.95,189,138,0,0,89,38,"EII","EII",22,22
"3",-51512.58,-51703.51,134,20,0,0.09,34,9,"EII","EII",33,33
"4",-50776.99,-50944.36,159,78,0.19,0.01,106,62,"EII","EII",44,44
"5",-50059.01,-50387.91,16,158,0.13,0,4,58,"EII","EII",55,55
"6",-49745.55,-50001.34,62,143,0.1,0,49,43,"EII","EII",66,66
"7",-49413.42,-49716.88,31,37,0.15,0.12,24,5,"EII","EII",77,77
"8",-49148,-49467.62,188,9,0,0.05,88,2,"EII","EII",88,88
"9",-48933.56,-49255.81,198,164,0,0,98,64,"EII","EII",99,99
"10",-48750.64,-49082.72,150,139,0,0,50,39,"EII","EII",110,110
