"","best_ll_s1","best_ll_s2","iter_best_s1","iter_best_s2","d_s1","d_s2","iter4sec_s1","iter4sec_s2","model_s1","model_s2","df_1","df_2"
"1",-1e+07,-1e+07,NA,NA,0,0,NA,NA,NA,NA,NA,NA
"2",-52263.88,-52386.99,171,163,0.03,0.02,165,104,"EII","EII",22,22
"3",-51512.44,-51703.56,173,16,0.11,0,66,116,"EII","EII",33,33
"4",-50777.11,-50944.29,100,177,0,0.03,11,60,"EII","EII",44,44
"5",-50059.04,-50387.92,133,151,0.03,0,17,93,"EII","EII",55,55
"6",-49745.28,-50001.32,57,146,0,0.07,157,91,"EII","EII",66,66
"7",-49412.89,-49716.59,2,29,534.84,0.53,1,8,"EII","EII",77,77
"8",-49147.51,-49467.55,115,148,0.27,0.08,66,130,"EII","EII",88,88
"9",-48933.16,-49255.67,175,137,0.04,0.03,64,81,"EII","EII",99,99
"10",-48750.77,-49083.17,175,175,0.03,0.05,98,110,"EII","EII",110,110
