"","best_ll_s1","best_ll_s2","iter_best_s1","iter_best_s2","d_s1","d_s2","iter4sec_s1","iter4sec_s2","model_s1","model_s2","df_1","df_2"
"1",-1e+07,-1e+07,NA,NA,0,0,NA,NA,NA,NA,NA,NA
"2",-52263.87,-52386.95,3,17,0.01,0.01,2,13,"EII","EII",22,22
"3",-51512.7,-51703.5,158,92,0,0.04,58,85,"EII","EII",33,33
"4",-50777.06,-50944.32,184,165,0.05,0,136,65,"EII","EII",44,44
"5",-50059.07,-50387.85,65,97,0.04,0.08,63,57,"EII","EII",55,55
"6",-49745.58,-50001.36,126,129,0,0,26,29,"EII","EII",66,66
"7",-49413.47,-49716.69,131,197,0.01,0,93,97,"EII","EII",77,77
"8",-49147.9,-49467.45,9,72,2.12,0.32,4,60,"EII","EII",88,88
"9",-48932.8,-49255.52,12,93,1.99,0.37,9,4,"EII","EII",99,99
"10",-48751.43,-49083.13,164,162,0,0,64,62,"EII","EII",110,110
