"","best_ll_s1","best_ll_s2","iter_best_s1","iter_best_s2","d_s1","d_s2","iter4sec_s1","iter4sec_s2","model_s1","model_s2","df_1","df_2"
"1",-1e+07,-1e+07,NA,NA,0,0,NA,NA,NA,NA,NA,NA
"2",-52263.88,-52386.95,78,125,0,0.03,65,79,"EII","EII",22,22
"3",-51512.42,-51703.44,127,79,0.2,0.13,39,33,"EII","EII",33,33
"4",-50776.97,-50944.28,185,170,0.15,0.01,124,123,"EII","EII",44,44
"5",-50058.95,-50387.87,143,96,0,0.02,42,68,"EII","EII",55,55
"6",-49745.44,-50001.38,133,20,0.18,0.2,42,5,"EII","EII",66,66
"7",-49413.27,-49716.6,24,100,0.2,0.1,13,57,"EII","EII",77,77
"8",-49147.83,-49467.55,3,77,62.3,0.1,1,33,"EII","EII",88,88
"9",-48933.12,-49254.94,70,148,0.3,1.15,23,89,"EII","EII",99,99
"10",-48750.81,-49082.56,75,123,1.38,0.2,38,49,"EII","EII",110,110
