"","best_ll_s1","best_ll_s2","iter_best_s1","iter_best_s2","d_s1","d_s2","iter4sec_s1","iter4sec_s2","model_s1","model_s2","df_1","df_2"
"1",-1e+07,-1e+07,NA,NA,0,0,NA,NA,NA,NA,NA,NA
"2",-52263.88,-52386.99,21,66,0.23,0.02,2,36,"EII","EII",22,22
"3",-51512.7,-51703.55,148,192,0,0,48,92,"EII","EII",33,33
"4",-50776.95,-50944.26,161,118,0,0.09,61,84,"EII","EII",44,44
"5",-50058.99,-50387.91,131,17,0,0.03,31,12,"EII","EII",55,55
"6",-49745.31,-50001.38,31,179,0.7,0,10,79,"EII","EII",66,66
"7",-49413.17,-49716.54,27,142,0.52,0,8,42,"EII","EII",77,77
"8",-49147.82,-49467.63,21,114,0.38,0,19,14,"EII","EII",88,88
"9",-48933.19,-49255.87,110,105,0.17,0,93,5,"EII","EII",99,99
"10",-48750.78,-49082.85,128,131,0,0,28,31,"EII","EII",110,110
