"","best_ll_s1","best_ll_s2","iter_best_s1","iter_best_s2","d_s1","d_s2","iter4sec_s1","iter4sec_s2","model_s1","model_s2","df_1","df_2"
"1",-1e+07,-1e+07,NA,NA,0,0,NA,NA,NA,NA,NA,NA
"2",-52263.89,-52386.99,102,26,0,0.13,2,25,"EII","EII",22,22
"3",-51512.57,-51703.51,190,56,0,0.03,90,30,"EII","EII",33,33
"4",-50776.93,-50944.35,184,61,0,0.04,84,48,"EII","EII",44,44
"5",-50058.99,-50387.89,178,161,0,0,78,61,"EII","EII",55,55
"6",-49745.44,-50001.34,106,139,0,0.03,6,77,"EII","EII",66,66
"7",-49413.27,-49716.62,87,153,0.06,0.02,2,119,"EII","EII",77,77
"8",-49147.62,-49467.78,2,13,121.12,0.06,1,4,"EII","EII",88,88
"9",-48932.74,-49255.42,40,70,0.31,0.36,8,2,"EII","EII",99,99
"10",-48750.84,-49082.61,131,129,0,0,31,29,"EII","EII",110,110
