"","best_ll_s1","best_ll_s2","iter_best_s1","iter_best_s2","d_s1","d_s2","iter4sec_s1","iter4sec_s2","model_s1","model_s2","df_1","df_2"
"1",-1e+07,-1e+07,NA,NA,0,0,NA,NA,NA,NA,NA,NA
"2",-52263.87,-52386.98,163,15,0.02,0,136,115,"EII","EII",22,22
"3",-51512.5,-51703.53,199,123,0.04,0.01,185,31,"EII","EII",33,33
"4",-50777.02,-50944.34,162,24,0.09,0,120,124,"EII","EII",44,44
"5",-50058.94,-50387.87,20,42,0.07,0.09,1,3,"EII","EII",55,55
"6",-49745.53,-50001.36,37,174,0.06,0.05,9,84,"EII","EII",66,66
"7",-49413.21,-49716.47,159,135,0.24,0.01,108,126,"EII","EII",77,77
"8",-49147.91,-49467.63,109,144,0.35,0.01,44,59,"EII","EII",88,88
"9",-48932.81,-49255.33,139,169,0.26,0.17,115,109,"EII","EII",99,99
"10",-48750.65,-49082.42,160,13,0.78,21.82,67,1,"EII","EII",110,110
