"","best_ll_s1","best_ll_s2","iter_best_s1","iter_best_s2","d_s1","d_s2","iter4sec_s1","iter4sec_s2","model_s1","model_s2","df_1","df_2"
"1",-1e+07,-1e+07,NA,NA,0,0,NA,NA,NA,NA,NA,NA
"2",-52263.87,-52386.95,180,103,0.07,0.04,129,7,"EII","EII",22,22
"3",-51512.63,-51703.52,44,65,0.06,0,10,165,"EII","EII",33,33
"4",-50777.03,-50944.28,32,109,0.11,0.06,19,102,"EII","EII",44,44
"5",-50059.05,-50387.88,186,61,0.05,0,78,161,"EII","EII",55,55
"6",-49745.52,-50001.3,32,109,0,0.04,132,54,"EII","EII",66,66
"7",-49413.26,-49716.39,186,174,0.02,0.15,12,137,"EII","EII",77,77
"8",-49147.59,-49467.67,21,128,0.53,0.09,19,57,"EII","EII",88,88
"9",-48932.79,-49255.53,65,133,0,0.46,165,43,"EII","EII",99,99
"10",-48750.62,-49083.3,133,168,0.3,0.06,13,113,"EII","EII",110,110
