"","best_ll_s1","best_ll_s2","iter_best_s1","iter_best_s2","d_s1","d_s2","iter4sec_s1","iter4sec_s2","model_s1","model_s2","df_1","df_2"
"1",-1e+07,-1e+07,NA,NA,0,0,NA,NA,NA,NA,NA,NA
"2",-52263.87,-52386.97,110,37,0.04,0.22,90,35,"EII","EII",22,22
"3",-51512.7,-51703.5,10,39,0.19,0.1,7,18,"EII","EII",33,33
"4",-50777.02,-50944.35,7,30,0.24,0.02,6,14,"EII","EII",44,44
"5",-50059.04,-50387.85,37,72,0.09,0.1,35,11,"EII","EII",55,55
"6",-49745.52,-50001.4,94,67,0.08,0.01,16,50,"EII","EII",66,66
"7",-49413.25,-49716.58,19,96,0.3,0.05,17,46,"EII","EII",77,77
"8",-49147.87,-49467.63,58,27,0.01,0.45,34,1,"EII","EII",88,88
"9",-48932.93,-49256.3,35,76,0.02,0.04,26,1,"EII","EII",99,99
"10",-48751.1,-49084.17,40,71,0.44,0.11,23,67,"EII","EII",110,110
