"","best_ll_s1","best_ll_s2","iter_best_s1","iter_best_s2","d_s1","d_s2","iter4sec_s1","iter4sec_s2","model_s1","model_s2","df_1","df_2"
"1",-1e+07,-1e+07,NA,NA,0,0,NA,NA,NA,NA,NA,NA
"2",-52263.87,-52387,2,105,0.35,0,1,5,"EII","EII",22,22
"3",-51512.99,-51703.54,15,47,0,0.01,6,29,"EII","EII",33,33
"4",-50777.01,-50944.37,28,74,0.06,0.02,3,63,"EII","EII",44,44
"5",-50059,-50387.84,85,90,0.04,0.05,71,18,"EII","EII",55,55
"6",-49745.49,-50001.43,62,24,0.19,0.04,35,4,"EII","EII",66,66
"7",-49413.36,-49716.51,4,94,1.34,0.04,1,58,"EII","EII",77,77
"8",-49147.77,-49467.56,73,80,0.22,0.32,26,6,"EII","EII",88,88
"9",-48933.33,-49255.76,68,45,0.03,0.03,14,8,"EII","EII",99,99
"10",-48750.34,-49083.02,72,44,1.54,0.46,34,32,"EII","EII",110,110
