"","best_ll_s1","best_ll_s2","iter_best_s1","iter_best_s2","d_s1","d_s2","iter4sec_s1","iter4sec_s2","model_s1","model_s2","df_1","df_2"
"1",-1e+07,-1e+07,NA,NA,0,0,NA,NA,NA,NA,NA,NA
"2",-52263.89,-52386.95,118,98,0.01,0.06,25,30,"EII","EII",22,22
"3",-51512.55,-51703.4,93,72,0.08,0,67,172,"EII","EII",33,33
"4",-50777.05,-50944.28,13,189,0,0.08,113,144,"EII","EII",44,44
"5",-50059.04,-50387.81,67,60,0.03,0,48,160,"EII","EII",55,55
"6",-49745.51,-50001.35,22,168,0.35,0,1,188,"EII","EII",66,66
"7",-49413.35,-49716.66,35,137,0,0.1,135,29,"EII","EII",77,77
"8",-49147.5,-49467.24,59,78,0,0.18,159,26,"EII","EII",88,88
"9",-48932.74,-49255.37,56,169,0,0.32,156,147,"EII","EII",99,99
"10",-48750.7,-49083.34,69,141,0.5,0.07,54,32,"EII","EII",110,110
