"","best_ll_s1","best_ll_s2","iter_best_s1","iter_best_s2","d_s1","d_s2","iter4sec_s1","iter4sec_s2","model_s1","model_s2","df_1","df_2"
"1",-1e+07,-1e+07,NA,NA,0,0,NA,NA,NA,NA,NA,NA
"2",-52264.06,-52386.98,95,19,0.07,0.27,78,14,"EII","EII",22,22
"3",-51512.48,-51703.41,53,150,0.17,0,34,50,"EII","EII",33,33
"4",-50777.11,-50944.3,127,198,0,0.06,27,191,"EII","EII",44,44
"5",-50059.06,-50387.85,138,185,0.04,0,103,85,"EII","EII",55,55
"6",-49745.5,-50001.23,20,9,0.28,0.42,5,2,"EII","EII",66,66
"7",-49413.03,-49717.55,33,3,0.17,0,29,1,"EII","EII",77,77
"8",-49147.47,-49467.51,27,97,0.5,0.1,15,59,"EII","EII",88,88
"9",-48932.97,-49256.08,38,26,0.12,0.36,28,8,"EII","EII",99,99
"10",-48751.27,-49083.39,56,64,0.5,0.1,38,58,"EII","EII",110,110
