"","best_ll_s1","best_ll_s2","iter_best_s1","iter_best_s2","d_s1","d_s2","iter4sec_s1","iter4sec_s2","model_s1","model_s2","df_1","df_2"
"1",-1e+07,-1e+07,NA,NA,0,0,NA,NA,NA,NA,NA,NA
"2",-52263.87,-52386.95,179,26,0.05,0.04,31,13,"EII","EII",22,22
"3",-51512.62,-51703.5,79,200,0.28,0.04,16,134,"EII","EII",33,33
"4",-50777.08,-50944.34,98,105,0,0,198,159,"EII","EII",44,44
"5",-50059.01,-50387.88,16,91,0.26,0,1,182,"EII","EII",55,55
"6",-49745.5,-50001.36,63,161,0,0.03,163,3,"EII","EII",66,66
"7",-49413.3,-49716.67,179,39,0.05,0.2,111,20,"EII","EII",77,77
"8",-49147.64,-49467.47,75,97,0.06,0,55,197,"EII","EII",88,88
"9",-48932.89,-49255.87,105,51,0.24,0.17,38,45,"EII","EII",99,99
"10",-48751.08,-49083.17,38,100,0.24,0.4,17,74,"EII","EII",110,110
