"","best_ll_s1","best_ll_s2","iter_best_s1","iter_best_s2","d_s1","d_s2","iter4sec_s1","iter4sec_s2","model_s1","model_s2","df_1","df_2"
"1",-1e+07,-1e+07,NA,NA,0,0,NA,NA,NA,NA,NA,NA
"2",-52263.92,-52386.96,80,81,0,0,160,181,"EII","EII",22,22
"3",-51512.68,-51703.4,75,107,0.08,0.1,2,99,"EII","EII",33,33
"4",-50777.02,-50944.32,28,44,0.15,0,21,144,"EII","EII",44,44
"5",-50059.09,-50387.88,51,3,0.02,0.58,21,1,"EII","EII",55,55
"6",-49745.56,-50001.34,125,128,0.06,0.09,14,97,"EII","EII",66,66
"7",-49413.12,-49716.48,168,186,0.01,0.05,93,98,"EII","EII",77,77
"8",-49147.4,-49467.66,48,169,0.35,0.07,46,139,"EII","EII",88,88
"9",-48932.74,-49255.77,30,23,0,0.38,130,6,"EII","EII",99,99
"10",-48750.41,-49082.49,198,82,0.33,0,184,182,"EII","EII",110,110
