"","best_ll_s1","best_ll_s2","iter_best_s1","iter_best_s2","d_s1","d_s2","iter4sec_s1","iter4sec_s2","model_s1","model_s2","df_1","df_2"
"1",-1e+07,-1e+07,NA,NA,0,0,NA,NA,NA,NA,NA,NA
"2",-52263.87,-52386.95,153,200,0.02,0.01,100,91,"EII","EII",22,22
"3",-51512.55,-51703.49,180,55,0,0,153,2,"EII","EII",33,33
"4",-50776.92,-50944.27,174,94,0.09,0.09,138,14,"EII","EII",44,44
"5",-50059.04,-50387.9,7,46,0,0,14,82,"EII","EII",55,55
"6",-49745.44,-50001.14,13,36,0,0.2,21,7,"EII","EII",66,66
"7",-49413.05,-49716.47,149,84,0.05,0,121,127,"EII","EII",77,77
"8",-49147.54,-49467.5,36,50,0,0.03,73,52,"EII","EII",88,88
"9",-48932.71,-49255.47,40,10,0.3,0.33,12,83,"EII","EII",99,99
"10",-48750.23,-49082.59,194,18,0.31,0.42,105,175,"EII","EII",110,110
