"","best_ll_s1","best_ll_s2","iter_best_s1","iter_best_s2","d_s1","d_s2","iter4sec_s1","iter4sec_s2","model_s1","model_s2","df_1","df_2"
"1",-1e+07,-1e+07,NA,NA,0,0,NA,NA,NA,NA,NA,NA
"2",-52263.91,-52386.98,7,7,0.26,0.17,4,3,"EII","EII",22,22
"3",-51512.65,-51703.54,189,136,0,0,89,36,"EII","EII",33,33
"4",-50777.05,-50944.34,187,157,0,0,87,57,"EII","EII",44,44
"5",-50059.01,-50387.92,143,54,0,0.01,43,37,"EII","EII",55,55
"6",-49745.43,-50001.17,7,121,0.94,0,1,21,"EII","EII",66,66
"7",-49413.48,-49716.35,104,147,0,0,4,47,"EII","EII",77,77
"8",-49147.44,-49467.62,180,27,0,0.07,80,17,"EII","EII",88,88
"9",-48933.14,-49255.97,22,193,0.18,0,18,93,"EII","EII",99,99
"10",-48750.16,-49083.49,13,158,1.17,0,5,58,"EII","EII",110,110
