"","best_ll_s1","best_ll_s2","iter_best_s1","iter_best_s2","d_s1","d_s2","iter4sec_s1","iter4sec_s2","model_s1","model_s2","df_1","df_2"
"1",-1e+07,-1e+07,NA,NA,0,0,NA,NA,NA,NA,NA,NA
"2",-52263.94,-52386.94,191,5,0.02,0.4,144,3,"EII","EII",22,22
"3",-51512.69,-51703.43,199,67,0.02,0.06,150,42,"EII","EII",33,33
"4",-50777.1,-50944.28,55,165,0.03,0.09,5,53,"EII","EII",44,44
"5",-50058.98,-50387.88,139,61,0.13,0,38,122,"EII","EII",55,55
"6",-49745.36,-50001.35,27,200,0,0.01,127,98,"EII","EII",66,66
"7",-49413.46,-49716.62,154,118,0.02,0.03,55,20,"EII","EII",77,77
"8",-49147.54,-49467.36,92,143,0,0.15,192,49,"EII","EII",88,88
"9",-48932.87,-49255.71,148,146,0.1,0.45,19,14,"EII","EII",99,99
"10",-48750.45,-49082.93,30,163,0.3,0.35,12,40,"EII","EII",110,110
