"","best_ll_s1","best_ll_s2","iter_best_s1","iter_best_s2","d_s1","d_s2","iter4sec_s1","iter4sec_s2","model_s1","model_s2","df_1","df_2"
"1",-1e+07,-1e+07,NA,NA,0,0,NA,NA,NA,NA,NA,NA
"2",-52263.87,-52386.97,186,18,0.02,0,101,118,"EII","EII",22,22
"3",-51512.43,-51703.55,200,174,0.2,0.02,72,114,"EII","EII",33,33
"4",-50777.11,-50944.33,90,122,0.02,0.02,46,187,"EII","EII",44,44
"5",-50058.98,-50387.89,13,24,0.21,0,3,124,"EII","EII",55,55
"6",-49745.31,-50001.29,33,194,0,0.1,133,102,"EII","EII",66,66
"7",-49412.97,-49716.46,67,125,0,0.25,167,31,"EII","EII",77,77
"8",-49147.88,-49467.14,138,116,0.17,0.62,81,85,"EII","EII",88,88
"9",-48932.67,-49255.75,21,169,1.59,0.15,17,158,"EII","EII",99,99
"10",-48750.6,-49082.85,107,127,0.37,0.57,62,85,"EII","EII",110,110
