"","best_ll_s1","best_ll_s2","iter_best_s1","iter_best_s2","d_s1","d_s2","iter4sec_s1","iter4sec_s2","model_s1","model_s2","df_1","df_2"
"1",-1e+07,-1e+07,NA,NA,0,0,NA,NA,NA,NA,NA,NA
"2",-52263.88,-52386.96,172,164,0.06,0.05,67,36,"EII","EII",22,22
"3",-51512.64,-51703.45,165,118,0,0,65,18,"EII","EII",33,33
"4",-50777.13,-50944.29,191,118,0.02,0,189,18,"EII","EII",44,44
"5",-50059.08,-50387.88,62,70,0.02,0.02,28,69,"EII","EII",55,55
"6",-49745.91,-50001.2,85,48,0.04,0.24,9,41,"EII","EII",66,66
"7",-49413.03,-49716.56,15,125,0.8,0,10,25,"EII","EII",77,77
"8",-49147.64,-49467.65,2,107,2.25,0,1,7,"EII","EII",88,88
"9",-48932.87,-49255.47,22,2,1.66,177.74,16,1,"EII","EII",99,99
"10",-48750.9,-49082.31,104,106,0,0,4,6,"EII","EII",110,110
