"","best_ll_s1","best_ll_s2","iter_best_s1","iter_best_s2","d_s1","d_s2","iter4sec_s1","iter4sec_s2","model_s1","model_s2","df_1","df_2"
"1",-1e+07,-1e+07,NA,NA,0,0,NA,NA,NA,NA,NA,NA
"2",-52263.88,-52386.96,110,84,0.01,0.01,108,17,"EII","EII",22,22
"3",-51512.45,-51703.5,6,79,0.81,0,1,179,"EII","EII",33,33
"4",-50777,-50944.35,45,140,0,0.01,77,73,"EII","EII",44,44
"5",-50059.05,-50387.87,118,167,0.05,0.03,116,116,"EII","EII",55,55
"6",-49745.59,-50001.31,104,197,0.05,0.11,27,27,"EII","EII",66,66
"7",-49413.13,-49716.39,39,13,0,0.33,55,7,"EII","EII",77,77
"8",-49147.59,-49467.61,188,193,0.22,0.13,152,164,"EII","EII",88,88
"9",-48932.72,-49255.59,31,36,2.29,0.71,25,2,"EII","EII",99,99
"10",-48750.58,-49082.48,2,53,0,0.83,102,51,"EII","EII",110,110
