"","best_ll_s1","best_ll_s2","iter_best_s1","iter_best_s2","d_s1","d_s2","iter4sec_s1","iter4sec_s2","model_s1","model_s2","df_1","df_2"
"1",-1e+07,-1e+07,NA,NA,0,0,NA,NA,NA,NA,NA,NA
"2",-52263.87,-52386.99,191,199,0.02,0.01,125,164,"EII","EII",22,22
"3",-51512.64,-51703.52,84,16,0.1,0.14,39,12,"EII","EII",33,33
"4",-50777.11,-50944.24,53,101,0,0,153,108,"EII","EII",44,44
"5",-50059,-50387.88,128,83,0.09,0.04,103,76,"EII","EII",55,55
"6",-49745.76,-50001.24,161,166,0.23,0.15,116,141,"EII","EII",66,66
"7",-49413.24,-49716.55,47,40,0,0.26,147,22,"EII","EII",77,77
"8",-49147.58,-49467.53,22,47,0.08,0.17,18,30,"EII","EII",88,88
"9",-48932.94,-49255.28,106,152,0.47,0.34,1,18,"EII","EII",99,99
"10",-48750.53,-49082.87,148,46,0.18,0.11,141,18,"EII","EII",110,110
