"","best_ll_s1","best_ll_s2","iter_best_s1","iter_best_s2","d_s1","d_s2","iter4sec_s1","iter4sec_s2","model_s1","model_s2","df_1","df_2"
"1",-1e+07,-1e+07,NA,NA,0,0,NA,NA,NA,NA,NA,NA
"2",-52263.89,-52386.96,191,157,0.02,0.02,139,132,"EII","EII",22,22
"3",-51512.61,-51703.48,15,52,0.21,0.11,12,19,"EII","EII",33,33
"4",-50777.08,-50944.34,195,39,0.02,0,183,139,"EII","EII",44,44
"5",-50058.98,-50387.89,140,32,0.01,0.05,9,28,"EII","EII",55,55
"6",-49745.57,-50001.26,176,167,0.01,0.22,157,124,"EII","EII",66,66
"7",-49413.34,-49716.38,190,149,0.04,0.17,110,115,"EII","EII",77,77
"8",-49147.76,-49467.7,25,43,0,0.07,125,36,"EII","EII",88,88
"9",-48933.11,-49255.76,156,119,0.02,0.19,57,26,"EII","EII",99,99
"10",-48750.48,-49082.71,179,65,0.25,1.12,165,58,"EII","EII",110,110
