"","best_ll_s1","best_ll_s2","iter_best_s1","iter_best_s2","d_s1","d_s2","iter4sec_s1","iter4sec_s2","model_s1","model_s2","df_1","df_2"
"1",-1e+07,-1e+07,NA,NA,0,0,NA,NA,NA,NA,NA,NA
"2",-52263.88,-52386.96,174,69,0,0.05,182,18,"EII","EII",22,22
"3",-51512.63,-51703.48,57,66,0,0,157,166,"EII","EII",33,33
"4",-50777,-50944.34,41,17,0.12,0.08,36,11,"EII","EII",44,44
"5",-50058.94,-50387.85,116,198,0,0,29,4,"EII","EII",55,55
"6",-49745.28,-50001.37,182,196,0.23,0.02,91,175,"EII","EII",66,66
"7",-49413.29,-49716.55,33,10,0,0.74,133,8,"EII","EII",77,77
"8",-49147.53,-49467.54,46,91,0,0.2,146,58,"EII","EII",88,88
"9",-48933.07,-49255.32,40,102,0,0.58,140,27,"EII","EII",99,99
"10",-48750.62,-49082.5,45,145,0.4,0.18,37,139,"EII","EII",110,110
