"","best_ll_s1","best_ll_s2","iter_best_s1","iter_best_s2","d_s1","d_s2","iter4sec_s1","iter4sec_s2","model_s1","model_s2","df_1","df_2"
"1",-1e+07,-1e+07,NA,NA,0,0,NA,NA,NA,NA,NA,NA
"2",-52263.87,-52386.96,51,94,0.03,0.04,9,9,"EII","EII",22,22
"3",-51512.41,-51703.47,127,97,0.24,0.09,21,80,"EII","EII",33,33
"4",-50777.09,-50944.29,128,81,0.03,0.01,90,37,"EII","EII",44,44
"5",-50059.05,-50387.88,49,76,0,0,149,80,"EII","EII",55,55
"6",-49745.43,-50001.36,42,56,0,0,142,156,"EII","EII",66,66
"7",-49412.87,-49716.65,181,72,0.06,0,15,172,"EII","EII",77,77
"8",-49147.77,-49467.69,1,28,4000041900.46,0,0,128,"EII","EII",88,88
"9",-48932.81,-49255.23,96,62,0,0,196,162,"EII","EII",99,99
"10",-48751.31,-49083.07,197,97,0.56,0,168,197,"EII","EII",110,110
