"","best_ll_s1","best_ll_s2","iter_best_s1","iter_best_s2","d_s1","d_s2","iter4sec_s1","iter4sec_s2","model_s1","model_s2","df_1","df_2"
"1",-1e+07,-1e+07,NA,NA,0,0,NA,NA,NA,NA,NA,NA
"2",-52263.88,-52386.98,186,159,0.01,0,156,168,"EII","EII",22,22
"3",-51512.66,-51703.49,139,77,0.09,0.05,9,34,"EII","EII",33,33
"4",-50776.95,-50944.32,96,174,0,0.01,196,93,"EII","EII",44,44
"5",-50059.09,-50387.88,143,85,0.02,0,113,144,"EII","EII",55,55
"6",-49745.61,-50001.44,43,142,0.23,0,33,10,"EII","EII",66,66
"7",-49413.31,-49716.48,94,181,0,0.19,194,18,"EII","EII",77,77
"8",-49147.76,-49467.72,169,88,0.04,0,167,188,"EII","EII",88,88
"9",-48933.01,-49255.64,52,177,0.4,0,50,173,"EII","EII",99,99
"10",-48750.68,-49083.17,167,173,0.5,0.35,147,26,"EII","EII",110,110
