"","best_ll_s1","best_ll_s2","iter_best_s1","iter_best_s2","d_s1","d_s2","iter4sec_s1","iter4sec_s2","model_s1","model_s2","df_1","df_2"
"1",-1e+07,-1e+07,NA,NA,0,0,NA,NA,NA,NA,NA,NA
"2",-52263.92,-52386.97,104,53,0,0,91,65,"EII","EII",22,22
"3",-51512.61,-51703.52,179,127,0,0,197,140,"EII","EII",33,33
"4",-50777.02,-50944.33,100,128,0,0.01,118,76,"EII","EII",44,44
"5",-50058.94,-50387.89,184,86,0.11,0,182,128,"EII","EII",55,55
"6",-49745.62,-50001.33,179,146,0.45,0.03,167,110,"EII","EII",66,66
"7",-49413.11,-49716.45,175,21,0.2,0.6,22,5,"EII","EII",77,77
"8",-49147.75,-49467.54,125,191,0.02,0,175,194,"EII","EII",88,88
"9",-48933.16,-49255.85,195,32,0.03,0.01,11,16,"EII","EII",99,99
"10",-48750.66,-49083.04,99,149,0.92,0.17,95,98,"EII","EII",110,110
