"","best_ll_s1","best_ll_s2","iter_best_s1","iter_best_s2","d_s1","d_s2","iter4sec_s1","iter4sec_s2","model_s1","model_s2","df_1","df_2"
"1",-1e+07,-1e+07,NA,NA,0,0,NA,NA,NA,NA,NA,NA
"2",-52263.91,-52386.98,195,182,0.01,0.01,37,74,"EII","EII",22,22
"3",-51512.5,-51703.51,62,180,0.22,0,3,80,"EII","EII",33,33
"4",-50777.04,-50944.3,39,97,0.12,0.02,2,3,"EII","EII",44,44
"5",-50058.91,-50387.91,131,107,0.18,0,89,7,"EII","EII",55,55
"6",-49745.47,-50001.46,54,176,0.3,0,29,76,"EII","EII",66,66
"7",-49413.54,-49716.44,179,49,0,0.08,79,22,"EII","EII",77,77
"8",-49147.78,-49467.41,165,68,0,0.15,65,17,"EII","EII",88,88
"9",-48932.7,-49255.69,63,93,0.08,0.12,16,63,"EII","EII",99,99
"10",-48750.07,-49083.2,156,72,0,0.19,56,63,"EII","EII",110,110
