"","best_ll_s1","best_ll_s2","iter_best_s1","iter_best_s2","d_s1","d_s2","iter4sec_s1","iter4sec_s2","model_s1","model_s2","df_1","df_2"
"1",-1e+07,-1e+07,NA,NA,0,0,NA,NA,NA,NA,NA,NA
"2",-52263.87,-52386.96,187,107,0.02,0.01,33,101,"EII","EII",22,22
"3",-51512.31,-51703.48,29,178,0,0.02,44,117,"EII","EII",33,33
"4",-50777.09,-50944.27,184,186,0.01,0.07,2,129,"EII","EII",44,44
"5",-50058.97,-50387.87,146,49,0.04,0.08,79,41,"EII","EII",55,55
"6",-49745.32,-50001.34,86,104,0.2,0.01,54,48,"EII","EII",66,66
"7",-49413.21,-49716.43,141,130,0.15,0.14,95,36,"EII","EII",77,77
"8",-49147.45,-49467.37,154,47,0.31,0.51,84,40,"EII","EII",88,88
"9",-48932.76,-49255.35,18,83,0,0.91,118,43,"EII","EII",99,99
"10",-48750.44,-49082.79,155,103,0.99,0.43,88,49,"EII","EII",110,110
