"","best_ll_s1","best_ll_s2","iter_best_s1","iter_best_s2","d_s1","d_s2","iter4sec_s1","iter4sec_s2","model_s1","model_s2","df_1","df_2"
"1",-1e+07,-1e+07,NA,NA,0,0,NA,NA,NA,NA,NA,NA
"2",-52263.88,-52386.98,105,134,0,0.02,75,105,"EII","EII",22,22
"3",-51512.47,-51703.48,14,194,0,0.09,114,50,"EII","EII",33,33
"4",-50777.1,-50944.29,79,96,0,0.08,179,12,"EII","EII",44,44
"5",-50059.04,-50387.9,49,129,0.06,0.01,38,18,"EII","EII",55,55
"6",-49745.43,-50001.04,57,10,0.1,0,52,110,"EII","EII",66,66
"7",-49413.24,-49716.56,106,25,0.05,0,64,125,"EII","EII",77,77
"8",-49147.66,-49467.34,88,197,0.27,0.12,65,116,"EII","EII",88,88
"9",-48933.18,-49255.62,126,9,0.07,0.5,121,7,"EII","EII",99,99
"10",-48751.33,-49082.99,26,13,0.22,1.68,21,3,"EII","EII",110,110
