"","best_ll_s1","best_ll_s2","iter_best_s1","iter_best_s2","d_s1","d_s2","iter4sec_s1","iter4sec_s2","model_s1","model_s2","df_1","df_2"
"1",-1e+07,-1e+07,NA,NA,0,0,NA,NA,NA,NA,NA,NA
"2",-52263.9,-52386.98,53,111,0.1,0.01,35,95,"EII","EII",22,22
"3",-51512.61,-51703.47,117,180,0.01,0.1,109,144,"EII","EII",33,33
"4",-50776.95,-50944.31,100,90,0,0,200,190,"EII","EII",44,44
"5",-50058.97,-50387.88,43,151,0.07,0.01,34,147,"EII","EII",55,55
"6",-49745.35,-50001.22,124,88,0.11,0.14,39,62,"EII","EII",66,66
"7",-49413.23,-49716.53,92,63,0,0.14,192,27,"EII","EII",77,77
"8",-49147.63,-49467.46,86,57,0.23,0.14,20,44,"EII","EII",88,88
"9",-48932.98,-49255.89,193,189,0.15,0.21,13,129,"EII","EII",99,99
"10",-48750.43,-49082.48,28,114,0,0.95,128,29,"EII","EII",110,110
