"","best_ll_s1","best_ll_s2","iter_best_s1","iter_best_s2","d_s1","d_s2","iter4sec_s1","iter4sec_s2","model_s1","model_s2","df_1","df_2"
"1",-1e+07,-1e+07,NA,NA,0,0,NA,NA,NA,NA,NA,NA
"2",-52263.87,-52386.98,10,6,0.04,0.37,9,3,"EII","EII",22,22
"3",-51512.41,-51703.66,37,2,0.13,0,33,1,"EII","EII",33,33
"4",-50777.09,-50944.31,15,16,0.26,0.07,1,10,"EII","EII",44,44
"5",-50059.03,-50388.36,4,3,0.71,0,2,1,"EII","EII",55,55
"6",-49745.53,-50001.28,67,92,0.04,0.23,6,80,"EII","EII",66,66
"7",-49413.11,-49716.47,4,78,1.03,0.1,3,63,"EII","EII",77,77
"8",-49147.84,-49467.37,18,17,0.16,0.52,7,11,"EII","EII",88,88
"9",-48932.78,-49255.91,87,1,0.57,489951000.38,23,0,"EII","EII",99,99
"10",-48751.19,-49082.76,15,32,6.87,0.63,1,19,"EII","EII",110,110
