"","best_ll_s1","best_ll_s2","iter_best_s1","iter_best_s2","d_s1","d_s2","iter4sec_s1","iter4sec_s2","model_s1","model_s2","df_1","df_2"
"1",-1e+07,-1e+07,NA,NA,0,0,NA,NA,NA,NA,NA,NA
"2",-52263.87,-52386.99,4,164,0.29,0.01,1,158,"EII","EII",22,22
"3",-51512.62,-51703.46,153,2,0,40.67,44,1,"EII","EII",33,33
"4",-50777.09,-50944.29,173,178,0.02,0.05,163,170,"EII","EII",44,44
"5",-50059.04,-50387.83,74,1,0,500249700.06,43,0,"EII","EII",55,55
"6",-49745.41,-50001.33,16,94,0,0.04,116,21,"EII","EII",66,66
"7",-49413.08,-49716.48,111,161,0.21,0.07,31,60,"EII","EII",77,77
"8",-49147.5,-49467.38,190,148,0.09,0.19,9,20,"EII","EII",88,88
"9",-48932.76,-49255.6,157,163,0.35,0.09,146,158,"EII","EII",99,99
"10",-48750.94,-49083.18,5,150,18.96,0.19,1,42,"EII","EII",110,110
