"","best_ll_s1","best_ll_s2","iter_best_s1","iter_best_s2","d_s1","d_s2","iter4sec_s1","iter4sec_s2","model_s1","model_s2","df_1","df_2"
"1",-1e+07,-1e+07,NA,NA,0,0,NA,NA,NA,NA,NA,NA
"2",-52263.89,-52386.99,141,82,0.03,0,58,182,"EII","EII",22,22
"3",-51512.45,-51703.44,15,39,0,0,27,139,"EII","EII",33,33
"4",-50777.1,-50944.29,90,109,0.05,0.03,88,97,"EII","EII",44,44
"5",-50058.98,-50387.88,79,47,0.12,0.03,74,21,"EII","EII",55,55
"6",-49745.21,-50001.19,77,86,0.44,0,51,186,"EII","EII",66,66
"7",-49413.27,-49716.46,134,189,0.31,0.11,71,71,"EII","EII",77,77
"8",-49147.37,-49467.59,133,69,0.49,0,89,169,"EII","EII",88,88
"9",-48932.89,-49255.83,159,113,0.16,0,56,104,"EII","EII",99,99
"10",-48750.69,-49082.52,53,144,0,0.44,153,89,"EII","EII",110,110
