"","best_ll_s1","best_ll_s2","iter_best_s1","iter_best_s2","d_s1","d_s2","iter4sec_s1","iter4sec_s2","model_s1","model_s2","df_1","df_2"
"1",-1e+07,-1e+07,NA,NA,0,0,NA,NA,NA,NA,NA,NA
"2",-52263.88,-52386.97,4,35,0,0.18,104,19,"EII","EII",22,22
"3",-51512.36,-51703.54,193,44,0.03,0.02,37,37,"EII","EII",33,33
"4",-50776.99,-50944.29,72,127,0,0.03,172,93,"EII","EII",44,44
"5",-50058.97,-50387.79,87,136,0,0,95,152,"EII","EII",55,55
"6",-49745.63,-50001.35,38,21,0,0.03,138,3,"EII","EII",66,66
"7",-49413.18,-49716.41,121,119,0.03,0.04,105,31,"EII","EII",77,77
"8",-49147.84,-49467.6,159,80,0.02,0.08,152,77,"EII","EII",88,88
"9",-48932.86,-49255.62,176,146,0.24,0.24,76,132,"EII","EII",99,99
"10",-48751.21,-49082.58,51,124,0,0.51,151,94,"EII","EII",110,110
