"","best_ll_s1","best_ll_s2","iter_best_s1","iter_best_s2","d_s1","d_s2","iter4sec_s1","iter4sec_s2","model_s1","model_s2","df_1","df_2"
"1",-1e+07,-1e+07,NA,NA,0,0,NA,NA,NA,NA,NA,NA
"2",-52263.89,-52386.98,187,96,0.01,0.02,85,33,"EII","EII",22,22
"3",-51512.44,-51703.54,33,163,0.16,0,5,63,"EII","EII",33,33
"4",-50777.06,-50944.34,4,176,0.1,0,1,76,"EII","EII",44,44
"5",-50059.04,-50387.88,93,93,0.05,0.09,30,60,"EII","EII",55,55
"6",-49745.32,-50001.42,76,84,0.35,0.08,32,25,"EII","EII",66,66
"7",-49413.25,-49716.74,121,184,0,0,21,84,"EII","EII",77,77
"8",-49147.64,-49467.5,153,65,0,0.56,53,36,"EII","EII",88,88
"9",-48932.58,-49256.58,53,78,0.67,0.01,52,75,"EII","EII",99,99
"10",-48750.6,-49083.63,194,175,0,0.52,94,78,"EII","EII",110,110
