"","best_ll_s1","best_ll_s2","iter_best_s1","iter_best_s2","d_s1","d_s2","iter4sec_s1","iter4sec_s2","model_s1","model_s2","df_1","df_2"
"1",-1e+07,-1e+07,NA,NA,0,0,NA,NA,NA,NA,NA,NA
"2",-52263.89,-52386.95,135,8,0,0,137,10,"EII","EII",22,22
"3",-51512.46,-51703.52,89,61,0.2,0,14,68,"EII","EII",33,33
"4",-50777.01,-50944.3,59,179,0,0.01,132,84,"EII","EII",44,44
"5",-50059.04,-50387.89,134,68,0,0.1,5,5,"EII","EII",55,55
"6",-49745.34,-50001.33,172,149,0.03,0,153,138,"EII","EII",66,66
"7",-49413.25,-49716.25,78,89,0,0.2,152,28,"EII","EII",77,77
"8",-49147.52,-49467.46,113,88,0.46,0.1,12,155,"EII","EII",88,88
"9",-48932.45,-49255.64,78,86,0.25,0.5,145,17,"EII","EII",99,99
"10",-48750.75,-49082.59,28,198,0.27,0.19,52,97,"EII","EII",110,110
