"","best_ll_s1","best_ll_s2","iter_best_s1","iter_best_s2","d_s1","d_s2","iter4sec_s1","iter4sec_s2","model_s1","model_s2","df_1","df_2"
"1",-1e+07,-1e+07,NA,NA,0,0,NA,NA,NA,NA,NA,NA
"2",-52263.92,-52386.99,55,58,0.02,0.22,21,50,"EII","EII",22,22
"3",-51512.26,-51703.49,46,177,0.42,0.02,9,129,"EII","EII",33,33
"4",-50777.03,-50944.25,123,50,0,0.11,23,42,"EII","EII",44,44
"5",-50058.96,-50387.97,17,114,0.2,0,7,14,"EII","EII",55,55
"6",-49745.48,-50001.34,95,117,0.04,0,46,17,"EII","EII",66,66
"7",-49413.08,-49716.9,150,58,0,0.04,50,10,"EII","EII",77,77
"8",-49147.72,-49467.92,95,110,0.28,0,21,10,"EII","EII",88,88
"9",-48932.76,-49255.57,141,16,0,0.65,41,15,"EII","EII",99,99
"10",-48751.43,-49083.33,105,112,0,0,5,12,"EII","EII",110,110
