"","best_ll_s1","best_ll_s2","iter_best_s1","iter_best_s2","d_s1","d_s2","iter4sec_s1","iter4sec_s2","model_s1","model_s2","df_1","df_2"
"1",-1e+07,-1e+07,NA,NA,0,0,NA,NA,NA,NA,NA,NA
"2",-52263.88,-52386.95,151,27,0,0.22,149,22,"EII","EII",22,22
"3",-51512.72,-51703.55,104,151,0.02,0,50,35,"EII","EII",33,33
"4",-50777.11,-50944.33,160,149,0,0.03,15,127,"EII","EII",44,44
"5",-50058.92,-50387.88,142,121,0.13,0.02,141,47,"EII","EII",55,55
"6",-49745.56,-50001.32,101,31,0.05,0.12,95,9,"EII","EII",66,66
"7",-49413.47,-49716.52,40,199,0,0.23,140,95,"EII","EII",77,77
"8",-49147.87,-49467.49,75,122,0.18,0.16,14,98,"EII","EII",88,88
"9",-48933.02,-49255.16,123,86,0.05,0.36,69,8,"EII","EII",99,99
"10",-48750.29,-49082.84,169,10,0.53,0,151,110,"EII","EII",110,110
