"","best_ll_s1","best_ll_s2","iter_best_s1","iter_best_s2","d_s1","d_s2","iter4sec_s1","iter4sec_s2","model_s1","model_s2","df_1","df_2"
"1",-1e+07,-1e+07,NA,NA,0,0,NA,NA,NA,NA,NA,NA
"2",-52263.88,-52386.95,104,169,0.02,0.02,3,69,"EII","EII",22,22
"3",-51512.31,-51703.5,22,100,0.15,0,18,200,"EII","EII",33,33
"4",-50776.98,-50944.34,61,184,0.16,0.01,24,95,"EII","EII",44,44
"5",-50059.09,-50387.81,36,186,0.06,0.08,25,169,"EII","EII",55,55
"6",-49745.26,-50001.1,90,194,0.37,0.34,53,156,"EII","EII",66,66
"7",-49412.99,-49716.72,12,39,0.55,0,1,139,"EII","EII",77,77
"8",-49147.57,-49467.37,70,97,0.12,0,25,197,"EII","EII",88,88
"9",-48932.71,-49255.74,196,23,0.18,0,3,123,"EII","EII",99,99
"10",-48750.78,-49082.83,42,90,0,0.09,142,73,"EII","EII",110,110
