"","best_ll_s1","best_ll_s2","iter_best_s1","iter_best_s2","d_s1","d_s2","iter4sec_s1","iter4sec_s2","model_s1","model_s2","df_1","df_2"
"1",-1e+07,-1e+07,NA,NA,0,0,NA,NA,NA,NA,NA,NA
"2",-52263.88,-52387,7,57,0.21,0.06,5,7,"EII","EII",22,22
"3",-51512.57,-51703.47,52,185,0.08,0.1,8,148,"EII","EII",33,33
"4",-50777.06,-50944.28,84,12,0.01,0.11,30,9,"EII","EII",44,44
"5",-50059.02,-50387.89,97,3,0.04,0.05,78,1,"EII","EII",55,55
"6",-49745.31,-50001.44,163,43,0,0.25,63,34,"EII","EII",66,66
"7",-49413.34,-49716.46,156,119,0,0,56,19,"EII","EII",77,77
"8",-49147.52,-49467.55,13,46,1.18,0.3,6,30,"EII","EII",88,88
"9",-48932.92,-49255.57,43,30,0.34,0.74,5,25,"EII","EII",99,99
"10",-48751.15,-49082.75,50,123,1.03,0,11,23,"EII","EII",110,110
