"","best_ll_s1","best_ll_s2","iter_best_s1","iter_best_s2","d_s1","d_s2","iter4sec_s1","iter4sec_s2","model_s1","model_s2","df_1","df_2"
"1",-1e+07,-1e+07,NA,NA,0,0,NA,NA,NA,NA,NA,NA
"2",-52263.89,-52386.97,75,84,0.23,0,19,132,"EII","EII",22,22
"3",-51512.7,-51703.47,118,137,0.07,0.07,84,65,"EII","EII",33,33
"4",-50776.94,-50944.28,39,117,0.16,0.01,9,90,"EII","EII",44,44
"5",-50059.01,-50387.86,183,199,0.02,0.04,191,33,"EII","EII",55,55
"6",-49745.34,-50001.24,112,193,0.11,0.15,12,182,"EII","EII",66,66
"7",-49413.19,-49716.47,91,57,0.38,0.37,36,56,"EII","EII",77,77
"8",-49147.5,-49467.56,57,57,0.12,0,44,157,"EII","EII",88,88
"9",-48933.15,-49255.43,46,69,1.28,0.8,34,39,"EII","EII",99,99
"10",-48750.44,-49082.81,126,127,0.99,0.37,122,10,"EII","EII",110,110
