"","best_ll_s1","best_ll_s2","iter_best_s1","iter_best_s2","d_s1","d_s2","iter4sec_s1","iter4sec_s2","model_s1","model_s2","df_1","df_2"
"1",-1e+07,-1e+07,NA,NA,0,0,NA,NA,NA,NA,NA,NA
"2",-52263.91,-52386.99,110,132,0.02,0,67,32,"EII","EII",22,22
"3",-51512.65,-51703.57,183,174,0,0,83,74,"EII","EII",33,33
"4",-50777.06,-50944.28,74,77,0.08,0.06,45,5,"EII","EII",44,44
"5",-50059.05,-50387.88,69,11,0.04,0.01,17,2,"EII","EII",55,55
"6",-49745.51,-50001.39,120,33,0,0.21,20,9,"EII","EII",66,66
"7",-49413.04,-49716.52,49,141,0.12,0,15,41,"EII","EII",77,77
"8",-49147.93,-49467.65,154,10,0,0.73,54,3,"EII","EII",88,88
"9",-48933.13,-49255.75,124,156,0,0,24,56,"EII","EII",99,99
"10",-48750.61,-49083.49,113,156,0,0,13,56,"EII","EII",110,110
