"","best_ll_s1","best_ll_s2","iter_best_s1","iter_best_s2","d_s1","d_s2","iter4sec_s1","iter4sec_s2","model_s1","model_s2","df_1","df_2"
"1",-1e+07,-1e+07,NA,NA,0,0,NA,NA,NA,NA,NA,NA
"2",-52263.87,-52386.97,197,179,0.03,0.02,117,12,"EII","EII",22,22
"3",-51512.72,-51703.46,87,48,0,0,9,70,"EII","EII",33,33
"4",-50777.1,-50944.35,108,48,0,0.05,70,42,"EII","EII",44,44
"5",-50059.01,-50387.93,178,162,0.05,0,122,91,"EII","EII",55,55
"6",-49745.35,-50001.35,185,68,0.03,0,130,133,"EII","EII",66,66
"7",-49413.23,-49716.48,86,62,0,0.15,186,27,"EII","EII",77,77
"8",-49147.76,-49467.51,82,153,0.11,0.07,62,152,"EII","EII",88,88
"9",-48932.95,-49255.77,89,45,0.71,0,25,145,"EII","EII",99,99
"10",-48751.21,-49082.31,37,37,0.18,0,33,137,"EII","EII",110,110
