"","best_ll_s1","best_ll_s2","iter_best_s1","iter_best_s2","d_s1","d_s2","iter4sec_s1","iter4sec_s2","model_s1","model_s2","df_1","df_2"
"1",-1e+07,-1e+07,NA,NA,0,0,NA,NA,NA,NA,NA,NA
"2",-52263.88,-52387,126,9,0.11,0.28,56,2,"EII","EII",22,22
"3",-51512.54,-51703.5,153,74,0.06,0.08,96,66,"EII","EII",33,33
"4",-50777.06,-50944.28,139,66,0,0.07,39,32,"EII","EII",44,44
"5",-50059.05,-50387.88,32,184,0.05,0.07,27,70,"EII","EII",55,55
"6",-49745.75,-50001.47,126,29,0,0.28,26,4,"EII","EII",66,66
"7",-49413.39,-49716.65,25,179,0.24,0,9,79,"EII","EII",77,77
"8",-49147.88,-49467.62,23,50,0.16,0.07,7,3,"EII","EII",88,88
"9",-48933.31,-49255.89,9,199,0.72,0,7,99,"EII","EII",99,99
"10",-48750.65,-49083.2,128,143,0,0,28,43,"EII","EII",110,110
