"","best_ll_s1","best_ll_s2","iter_best_s1","iter_best_s2","d_s1","d_s2","iter4sec_s1","iter4sec_s2","model_s1","model_s2","df_1","df_2"
"1",-1e+07,-1e+07,NA,NA,0,0,NA,NA,NA,NA,NA,NA
"2",-52263.88,-52386.98,28,14,0,0,128,18,"EII","EII",22,22
"3",-51512.58,-51703.46,163,65,0.05,0,131,165,"EII","EII",33,33
"4",-50777.05,-50944.29,35,93,0,0.08,135,24,"EII","EII",44,44
"5",-50059.01,-50387.89,83,37,0,0,183,137,"EII","EII",55,55
"6",-49745.32,-50001.27,98,87,0,0.14,198,84,"EII","EII",66,66
"7",-49413.12,-49716.67,193,17,0.07,0,44,117,"EII","EII",77,77
"8",-49147.89,-49467.41,69,78,0,0,169,178,"EII","EII",88,88
"9",-48932.81,-49255.51,96,159,0.5,0.62,80,4,"EII","EII",99,99
"10",-48750.79,-49082.84,47,136,0,0.21,147,123,"EII","EII",110,110
