"","best_ll_s1","best_ll_s2","iter_best_s1","iter_best_s2","d_s1","d_s2","iter4sec_s1","iter4sec_s2","model_s1","model_s2","df_1","df_2"
"1",-1e+07,-1e+07,NA,NA,0,0,NA,NA,NA,NA,NA,NA
"2",-52263.93,-52387,60,86,0.04,0.03,49,8,"EII","EII",22,22
"3",-51512.62,-51703.52,8,12,0.16,0.13,5,6,"EII","EII",33,33
"4",-50777.03,-50944.34,75,59,0.1,0.01,48,44,"EII","EII",44,44
"5",-50059.07,-50387.97,53,15,0,0.02,50,2,"EII","EII",55,55
"6",-49745.66,-50001.47,59,56,0.27,0.18,17,44,"EII","EII",66,66
"7",-49413.42,-49716.64,83,12,0.08,0.1,30,10,"EII","EII",77,77
"8",-49147.74,-49467.96,37,40,0.25,1.02,7,4,"EII","EII",88,88
"9",-48932.59,-49255.79,37,69,1.57,0.12,11,28,"EII","EII",99,99
"10",-48750.63,-49082.75,16,87,1.95,0.78,15,34,"EII","EII",110,110
