"","best_ll_s1","best_ll_s2","iter_best_s1","iter_best_s2","d_s1","d_s2","iter4sec_s1","iter4sec_s2","model_s1","model_s2","df_1","df_2"
"1",-1e+07,-1e+07,NA,NA,0,0,NA,NA,NA,NA,NA,NA
"2",-52263.87,-52386.97,180,38,0.02,0.3,24,35,"EII","EII",22,22
"3",-51512.19,-51703.49,178,14,0.46,0.11,101,4,"EII","EII",33,33
"4",-50776.95,-50944.34,17,7,0.2,0.08,2,6,"EII","EII",44,44
"5",-50059.07,-50387.87,46,117,0.01,0.01,28,87,"EII","EII",55,55
"6",-49745.61,-50001.19,186,59,0.2,0.31,138,26,"EII","EII",66,66
"7",-49413.18,-49716.47,10,6,0.8,0.5,6,1,"EII","EII",77,77
"8",-49147.95,-49467.23,162,199,0,0.33,70,97,"EII","EII",88,88
"9",-48932.73,-49255.63,159,164,0.4,0.25,21,152,"EII","EII",99,99
"10",-48750.35,-49083.58,41,2,0.8,22.7,16,1,"EII","EII",110,110
