"","best_ll_s1","best_ll_s2","iter_best_s1","iter_best_s2","d_s1","d_s2","iter4sec_s1","iter4sec_s2","model_s1","model_s2","df_1","df_2"
"1",-1e+07,-1e+07,NA,NA,0,0,NA,NA,NA,NA,NA,NA
"2",-52263.87,-52386.96,188,137,0.02,0.05,185,58,"EII","EII",22,22
"3",-51512.54,-51703.39,143,139,0.04,0.16,125,82,"EII","EII",33,33
"4",-50777,-50944.33,79,192,0.12,0.02,72,57,"EII","EII",44,44
"5",-50059.01,-50387.86,1,143,49950000.17,0.05,0,17,"EII","EII",55,55
"6",-49745.32,-50001.12,47,192,0.18,0.15,39,138,"EII","EII",66,66
"7",-49412.86,-49716.49,62,124,0.74,0.13,40,2,"EII","EII",77,77
"8",-49147.65,-49467.56,95,121,0.11,0.07,43,45,"EII","EII",88,88
"9",-48932.75,-49255.63,43,82,0,0,64,182,"EII","EII",99,99
"10",-48751.1,-49082.31,182,65,0.27,0,134,165,"EII","EII",110,110
