"","best_ll_s1","best_ll_s2","iter_best_s1","iter_best_s2","d_s1","d_s2","iter4sec_s1","iter4sec_s2","model_s1","model_s2","df_1","df_2"
"1",-1e+07,-1e+07,NA,NA,0,0,NA,NA,NA,NA,NA,NA
"2",-52263.87,-52386.98,159,109,0.01,0.1,25,22,"EII","EII",22,22
"3",-51512.31,-51703.4,53,7,0.31,0.2,31,4,"EII","EII",33,33
"4",-50777.12,-50944.34,96,41,0.03,0,16,69,"EII","EII",44,44
"5",-50058.97,-50387.88,160,14,0.08,0,97,114,"EII","EII",55,55
"6",-49745.65,-50001.28,187,106,0.02,0.13,54,9,"EII","EII",66,66
"7",-49413.29,-49716.46,198,59,0.05,0.16,76,48,"EII","EII",77,77
"8",-49147.71,-49467.33,112,12,0.12,1.68,56,11,"EII","EII",88,88
"9",-48932.42,-49255.58,77,7,0.74,0.96,5,6,"EII","EII",99,99
"10",-48750.9,-49082.65,23,200,0.87,0.01,11,65,"EII","EII",110,110
