"","best_ll_s1","best_ll_s2","iter_best_s1","iter_best_s2","d_s1","d_s2","iter4sec_s1","iter4sec_s2","model_s1","model_s2","df_1","df_2"
"1",-1e+07,-1e+07,NA,NA,0,0,NA,NA,NA,NA,NA,NA
"2",-52263.87,-52386.98,75,77,0.06,0.04,39,74,"EII","EII",22,22
"3",-51512.5,-51703.51,82,62,0.13,0,81,26,"EII","EII",33,33
"4",-50777.09,-50944.34,7,3,0.3,0.76,1,1,"EII","EII",44,44
"5",-50058.95,-50388.28,27,12,0.17,0,16,7,"EII","EII",55,55
"6",-49745.6,-50001.34,13,76,0.88,0.05,2,51,"EII","EII",66,66
"7",-49413.18,-49716.48,57,78,0.11,0.21,9,40,"EII","EII",77,77
"8",-49147.64,-49467.09,97,31,0.35,2.14,67,29,"EII","EII",88,88
"9",-48933.15,-49255.93,91,68,0.18,0.17,63,4,"EII","EII",99,99
"10",-48750.52,-49083.64,84,85,0.69,0.12,73,81,"EII","EII",110,110
