"","best_ll_s1","best_ll_s2","iter_best_s1","iter_best_s2","d_s1","d_s2","iter4sec_s1","iter4sec_s2","model_s1","model_s2","df_1","df_2"
"1",-1e+07,-1e+07,NA,NA,0,0,NA,NA,NA,NA,NA,NA
"2",-52263.87,-52386.95,87,169,0,0.02,187,160,"EII","EII",22,22
"3",-51512.59,-51703.53,59,15,0,0.03,159,13,"EII","EII",33,33
"4",-50777.05,-50944.31,128,139,0.07,0.01,43,11,"EII","EII",44,44
"5",-50059.03,-50387.91,175,41,0.03,0,150,141,"EII","EII",55,55
"6",-49745.49,-50001.38,139,91,0.09,0.02,126,90,"EII","EII",66,66
"7",-49413.09,-49716.55,48,52,0,0,148,152,"EII","EII",77,77
"8",-49147.59,-49467.25,25,189,0,0.36,125,155,"EII","EII",88,88
"9",-48932.84,-49256.09,162,104,0.08,0.03,65,73,"EII","EII",99,99
"10",-48750.76,-49082.9,133,16,0.05,22.84,22,7,"EII","EII",110,110
