"","best_ll_s1","best_ll_s2","iter_best_s1","iter_best_s2","d_s1","d_s2","iter4sec_s1","iter4sec_s2","model_s1","model_s2","df_1","df_2"
"1",-1e+07,-1e+07,NA,NA,0,0,NA,NA,NA,NA,NA,NA
"2",-52263.88,-52386.95,3,14,0.31,0.04,1,5,"EII","EII",22,22
"3",-51512.58,-51703.59,34,107,0.02,0,16,7,"EII","EII",33,33
"4",-50777.09,-50944.37,151,135,0,0,51,35,"EII","EII",44,44
"5",-50059.07,-50387.82,165,161,0,0,65,61,"EII","EII",55,55
"6",-49745.68,-50001.31,126,105,0,0,26,5,"EII","EII",66,66
"7",-49413.27,-49716.61,97,183,0.04,0,7,83,"EII","EII",77,77
"8",-49147.46,-49467.4,33,194,0.47,0,22,94,"EII","EII",88,88
"9",-48932.7,-49256.05,45,62,0.39,0.14,1,11,"EII","EII",99,99
"10",-48750.56,-49083.36,105,15,0,20.17,5,9,"EII","EII",110,110
