"","best_ll_s1","best_ll_s2","iter_best_s1","iter_best_s2","d_s1","d_s2","iter4sec_s1","iter4sec_s2","model_s1","model_s2","df_1","df_2"
"1",-1e+07,-1e+07,NA,NA,0,0,NA,NA,NA,NA,NA,NA
"2",-52263.87,-52386.98,44,162,0,0,144,54,"EII","EII",22,22
"3",-51512.7,-51703.5,168,174,0.01,0.09,83,136,"EII","EII",33,33
"4",-50776.98,-50944.28,167,14,0,0,149,114,"EII","EII",44,44
"5",-50059,-50387.86,95,95,0,0,183,195,"EII","EII",55,55
"6",-49745.26,-50001.26,94,154,0,0.17,194,12,"EII","EII",66,66
"7",-49413.07,-49716.43,114,117,0.33,0.2,57,18,"EII","EII",77,77
"8",-49147.59,-49467.6,184,2,0.02,0,172,102,"EII","EII",88,88
"9",-48932.6,-49255.39,43,116,0.8,0.41,40,70,"EII","EII",99,99
"10",-48750.99,-49082.34,10,23,1.36,0.4,4,13,"EII","EII",110,110
