"","best_ll_s1","best_ll_s2","iter_best_s1","iter_best_s2","d_s1","d_s2","iter4sec_s1","iter4sec_s2","model_s1","model_s2","df_1","df_2"
"1",-1e+07,-1e+07,NA,NA,0,0,NA,NA,NA,NA,NA,NA
"2",-52263.89,-52386.96,169,186,0.01,0.02,88,38,"EII","EII",22,22
"3",-51512.51,-51703.56,104,170,0.08,0.01,71,140,"EII","EII",33,33
"4",-50776.95,-50944.32,180,124,0.09,0.03,116,9,"EII","EII",44,44
"5",-50058.92,-50387.88,93,104,0.13,0.02,64,61,"EII","EII",55,55
"6",-49745.56,-50001.38,168,166,0.01,0.01,34,75,"EII","EII",66,66
"7",-49412.98,-49716.65,192,73,0.12,0.07,32,14,"EII","EII",77,77
"8",-49147.49,-49467.61,115,18,0.17,0,80,118,"EII","EII",88,88
"9",-48932.97,-49255.67,182,119,0.08,0.07,152,15,"EII","EII",99,99
"10",-48750.83,-49083.26,54,9,0.44,20.86,6,7,"EII","EII",110,110
