"","best_ll_s1","best_ll_s2","iter_best_s1","iter_best_s2","d_s1","d_s2","iter4sec_s1","iter4sec_s2","model_s1","model_s2","df_1","df_2"
"1",-1e+07,-1e+07,NA,NA,0,0,NA,NA,NA,NA,NA,NA
"2",-52263.87,-52387.05,115,9,0.02,0,34,109,"EII","EII",22,22
"3",-51512.47,-51703.47,133,101,0.15,0,54,51,"EII","EII",33,33
"4",-50776.95,-50944.35,177,115,0.07,0,119,38,"EII","EII",44,44
"5",-50058.99,-50387.83,45,141,0.06,0.05,33,114,"EII","EII",55,55
"6",-49745.24,-50001.22,106,63,0.33,0,47,163,"EII","EII",66,66
"7",-49413.28,-49716.56,124,94,0,0.03,142,44,"EII","EII",77,77
"8",-49147.57,-49467.27,124,89,0.06,0.54,8,4,"EII","EII",88,88
"9",-48933.02,-49255.69,152,25,0.15,0,8,125,"EII","EII",99,99
"10",-48750.75,-49082.37,53,136,0,0.74,153,104,"EII","EII",110,110
