"","best_ll_s1","best_ll_s2","iter_best_s1","iter_best_s2","d_s1","d_s2","iter4sec_s1","iter4sec_s2","model_s1","model_s2","df_1","df_2"
"1",-1e+07,-1e+07,NA,NA,0,0,NA,NA,NA,NA,NA,NA
"2",-52263.88,-52386.99,89,22,0.01,0.04,39,21,"EII","EII",22,22
"3",-51512.6,-51703.52,116,99,0.13,0,22,199,"EII","EII",33,33
"4",-50777.08,-50944.31,42,172,0.08,0.03,40,72,"EII","EII",44,44
"5",-50059.04,-50387.89,196,24,0.01,0,11,124,"EII","EII",55,55
"6",-49745.24,-50001.39,162,31,0.14,0,21,131,"EII","EII",66,66
"7",-49413.03,-49716.5,33,116,0.41,0.12,10,114,"EII","EII",77,77
"8",-49147.5,-49467.46,76,60,0,0.26,176,4,"EII","EII",88,88
"9",-48932.99,-49255.41,177,29,0.21,0,99,129,"EII","EII",99,99
"10",-48751.22,-49082.43,84,163,0,0.81,184,158,"EII","EII",110,110
