"","best_ll_s1","best_ll_s2","iter_best_s1","iter_best_s2","d_s1","d_s2","iter4sec_s1","iter4sec_s2","model_s1","model_s2","df_1","df_2"
"1",-1e+07,-1e+07,NA,NA,0,0,NA,NA,NA,NA,NA,NA
"2",-52263.88,-52386.96,110,32,0,0.04,27,16,"EII","EII",22,22
"3",-51512.61,-51703.52,195,130,0.04,0.01,26,113,"EII","EII",33,33
"4",-50777.05,-50944.28,54,49,0,0.02,154,15,"EII","EII",44,44
"5",-50058.95,-50387.89,106,164,0.05,0.08,49,161,"EII","EII",55,55
"6",-49745.32,-50001.41,83,3,0,0,156,103,"EII","EII",66,66
"7",-49413,-49716.5,13,199,0.82,0,2,89,"EII","EII",77,77
"8",-49147.76,-49467.52,59,30,0,0,159,130,"EII","EII",88,88
"9",-48933.04,-49255.49,10,104,0.65,0.2,2,75,"EII","EII",99,99
"10",-48751.28,-49082.77,175,64,0.2,2.16,96,21,"EII","EII",110,110
