"","best_ll_s1","best_ll_s2","iter_best_s1","iter_best_s2","d_s1","d_s2","iter4sec_s1","iter4sec_s2","model_s1","model_s2","df_1","df_2"
"1",-1e+07,-1e+07,NA,NA,0,0,NA,NA,NA,NA,NA,NA
"2",-52263.9,-52386.98,170,109,0.01,0.04,88,81,"EII","EII",22,22
"3",-51512.38,-51703.54,53,59,0.2,0.05,5,16,"EII","EII",33,33
"4",-50777.01,-50944.34,121,181,0.07,0.01,30,111,"EII","EII",44,44
"5",-50058.94,-50387.88,75,116,0.11,0.03,54,98,"EII","EII",55,55
"6",-49745.46,-50001.38,115,117,0.43,0,111,18,"EII","EII",66,66
"7",-49413.22,-49716.46,191,152,0.01,0,22,89,"EII","EII",77,77
"8",-49147.54,-49467.61,28,188,0.2,0.1,2,16,"EII","EII",88,88
"9",-48933.02,-49255.23,185,175,0.2,0.2,20,16,"EII","EII",99,99
"10",-48751.43,-49082.58,73,85,0.1,0.08,1,84,"EII","EII",110,110
