"","best_ll_s1","best_ll_s2","iter_best_s1","iter_best_s2","d_s1","d_s2","iter4sec_s1","iter4sec_s2","model_s1","model_s2","df_1","df_2"
"1",-1e+07,-1e+07,NA,NA,0,0,NA,NA,NA,NA,NA,NA
"2",-52263.89,-52386.96,166,80,0,0,172,91,"EII","EII",22,22
"3",-51512.56,-51703.52,165,130,0,0,178,136,"EII","EII",33,33
"4",-50777.07,-50944.25,121,55,0,0.09,148,9,"EII","EII",44,44
"5",-50058.95,-50387.88,99,17,0.1,0,2,84,"EII","EII",55,55
"6",-49745.63,-50001.34,164,38,0.01,0.04,145,19,"EII","EII",66,66
"7",-49413.2,-49716.41,199,138,0.03,0.07,3,42,"EII","EII",77,77
"8",-49147.58,-49467.39,91,29,0.01,0.2,70,11,"EII","EII",88,88
"9",-48933.14,-49255.29,19,94,0.04,0,47,194,"EII","EII",99,99
"10",-48750.47,-49082.4,99,56,0.3,0.2,3,42,"EII","EII",110,110
