"","best_ll_s1","best_ll_s2","iter_best_s1","iter_best_s2","d_s1","d_s2","iter4sec_s1","iter4sec_s2","model_s1","model_s2","df_1","df_2"
"1",-1e+07,-1e+07,NA,NA,0,0,NA,NA,NA,NA,NA,NA
"2",-52263.88,-52386.97,94,44,0.04,0.05,90,30,"EII","EII",22,22
"3",-51512.43,-51703.45,154,16,0,0.17,54,1,"EII","EII",33,33
"4",-50777.04,-50944.32,2,15,0.86,0.05,1,6,"EII","EII",44,44
"5",-50059.09,-50387.94,194,80,0,0.06,176,61,"EII","EII",55,55
"6",-49745.94,-50001.28,153,129,0,0.16,53,50,"EII","EII",66,66
"7",-49413.25,-49716.63,71,21,0.19,0.34,3,7,"EII","EII",77,77
"8",-49147.62,-49467.49,9,178,0.13,0,5,78,"EII","EII",88,88
"9",-48932.95,-49255.39,85,68,0.7,0.67,32,35,"EII","EII",99,99
"10",-48750.88,-49083.25,186,30,0,0.55,86,22,"EII","EII",110,110
