"","best_ll_s1","best_ll_s2","iter_best_s1","iter_best_s2","d_s1","d_s2","iter4sec_s1","iter4sec_s2","model_s1","model_s2","df_1","df_2"
"1",-1e+07,-1e+07,NA,NA,0,0,NA,NA,NA,NA,NA,NA
"2",-52263.87,-52386.97,40,120,0.03,0.01,32,45,"EII","EII",22,22
"3",-51512.47,-51703.49,108,159,0,0.02,143,51,"EII","EII",33,33
"4",-50777.04,-50944.35,183,59,0.02,0.01,68,11,"EII","EII",44,44
"5",-50059.05,-50387.94,107,87,0.04,0.06,53,84,"EII","EII",55,55
"6",-49745.38,-50001.39,15,130,0,0.04,115,2,"EII","EII",66,66
"7",-49413.02,-49716.4,22,180,0,0.22,122,116,"EII","EII",77,77
"8",-49147.64,-49467.7,76,40,0.11,0.15,36,24,"EII","EII",88,88
"9",-48932.54,-49255.14,1,87,0,0,101,187,"EII","EII",99,99
"10",-48750.99,-49082.88,109,130,1.32,0.3,66,87,"EII","EII",110,110
