"","best_ll_s1","best_ll_s2","iter_best_s1","iter_best_s2","d_s1","d_s2","iter4sec_s1","iter4sec_s2","model_s1","model_s2","df_1","df_2"
"1",-1e+07,-1e+07,NA,NA,0,0,NA,NA,NA,NA,NA,NA
"2",-52263.87,-52386.95,13,73,0.29,0,6,173,"EII","EII",22,22
"3",-51512.53,-51703.43,4,40,0.49,0.11,2,22,"EII","EII",33,33
"4",-50777.02,-50944.35,175,195,0.05,0.01,70,168,"EII","EII",44,44
"5",-50059.02,-50387.89,61,80,0,0,80,160,"EII","EII",55,55
"6",-49745.42,-50001.36,65,183,0.27,0.02,12,102,"EII","EII",66,66
"7",-49413.08,-49716.56,155,181,0.15,0.02,22,76,"EII","EII",77,77
"8",-49147.56,-49467.37,118,94,0.14,0,92,156,"EII","EII",88,88
"9",-48933.12,-49255.72,123,101,0.04,0.11,113,88,"EII","EII",99,99
"10",-48750.83,-49082.66,140,101,0.35,0.17,7,35,"EII","EII",110,110
