"","best_ll_s1","best_ll_s2","iter_best_s1","iter_best_s2","d_s1","d_s2","iter4sec_s1","iter4sec_s2","model_s1","model_s2","df_1","df_2"
"1",-1e+07,-1e+07,NA,NA,0,0,NA,NA,NA,NA,NA,NA
"2",-52263.88,-52386.98,25,196,0.1,0,15,96,"EII","EII",22,22
"3",-51512.37,-51703.52,132,43,0,0.05,32,32,"EII","EII",33,33
"4",-50777.06,-50944.34,132,96,0,0.06,32,94,"EII","EII",44,44
"5",-50059.03,-50387.9,131,27,0,0.11,31,21,"EII","EII",55,55
"6",-49745.87,-50001.37,49,198,0.21,0,18,98,"EII","EII",66,66
"7",-49413.57,-49716.63,190,118,0,0,95,18,"EII","EII",77,77
"8",-49147.6,-49467.54,6,11,11.36,52.35,3,2,"EII","EII",88,88
"9",-48932.61,-49256.26,82,75,0.22,0.05,63,39,"EII","EII",99,99
"10",-48750.62,-49082.24,182,80,0,1.02,82,50,"EII","EII",110,110
