"","best_ll_s1","best_ll_s2","iter_best_s1","iter_best_s2","d_s1","d_s2","iter4sec_s1","iter4sec_s2","model_s1","model_s2","df_1","df_2"
"1",-1e+07,-1e+07,NA,NA,0,0,NA,NA,NA,NA,NA,NA
"2",-52263.88,-52386.96,189,196,0.04,0.02,138,115,"EII","EII",22,22
"3",-51512.63,-51703.53,126,109,0.12,0,50,7,"EII","EII",33,33
"4",-50777.06,-50944.35,42,98,0.05,0,30,196,"EII","EII",44,44
"5",-50059.01,-50387.89,162,130,0.03,0.01,29,90,"EII","EII",55,55
"6",-49745.41,-50001.35,143,94,0.13,0.03,105,3,"EII","EII",66,66
"7",-49413.28,-49716.4,200,134,0.11,0.18,96,62,"EII","EII",77,77
"8",-49147.77,-49467.21,184,195,0.12,0.17,73,135,"EII","EII",88,88
"9",-48932.57,-49255.52,135,43,0.31,0.63,114,25,"EII","EII",99,99
"10",-48750.92,-49083.37,186,110,0.3,0.48,26,32,"EII","EII",110,110
