"","best_ll_s1","best_ll_s2","iter_best_s1","iter_best_s2","d_s1","d_s2","iter4sec_s1","iter4sec_s2","model_s1","model_s2","df_1","df_2"
"1",-1e+07,-1e+07,NA,NA,0,0,NA,NA,NA,NA,NA,NA
"2",-52263.88,-52386.95,126,150,0,0.02,22,112,"EII","EII",22,22
"3",-51512.51,-51703.54,169,50,0.12,0,161,150,"EII","EII",33,33
"4",-50777.04,-50944.26,179,91,0.04,0,147,191,"EII","EII",44,44
"5",-50058.93,-50387.88,173,197,0.16,0.03,18,114,"EII","EII",55,55
"6",-49745.49,-50001.22,176,114,0.04,0.19,106,80,"EII","EII",66,66
"7",-49412.95,-49716.48,30,63,0.46,0.24,23,54,"EII","EII",77,77
"8",-49147.42,-49467.52,111,37,0.06,0,30,137,"EII","EII",88,88
"9",-48933.01,-49255.66,23,84,0,0.07,123,55,"EII","EII",99,99
"10",-48749.91,-49082.87,144,84,1.18,0,91,184,"EII","EII",110,110
