"","best_ll_s1","best_ll_s2","iter_best_s1","iter_best_s2","d_s1","d_s2","iter4sec_s1","iter4sec_s2","model_s1","model_s2","df_1","df_2"
"1",-1e+07,-1e+07,NA,NA,0,0,NA,NA,NA,NA,NA,NA
"2",-52263.86,-52386.96,167,40,0.02,0.07,109,35,"EII","EII",22,22
"3",-51512.48,-51703.52,103,65,0.13,0.02,101,13,"EII","EII",33,33
"4",-50777.06,-50944.27,112,63,0.06,0.07,30,2,"EII","EII",44,44
"5",-50059.07,-50387.87,114,171,0.04,0.03,35,27,"EII","EII",55,55
"6",-49745.48,-50001.37,183,127,0.05,0.01,1,44,"EII","EII",66,66
"7",-49413.2,-49716.55,19,150,0.34,0.02,7,31,"EII","EII",77,77
"8",-49147.71,-49467.65,19,143,0.39,0.06,12,118,"EII","EII",88,88
"9",-48932.86,-49255.57,144,80,0.15,0.26,112,34,"EII","EII",99,99
"10",-48751.26,-49083.26,99,166,0,0.21,199,107,"EII","EII",110,110
