"","best_ll_s1","best_ll_s2","iter_best_s1","iter_best_s2","d_s1","d_s2","iter4sec_s1","iter4sec_s2","model_s1","model_s2","df_1","df_2"
"1",-1e+07,-1e+07,NA,NA,0,0,NA,NA,NA,NA,NA,NA
"2",-52263.89,-52387,71,129,0.02,0,51,29,"EII","EII",22,22
"3",-51512.61,-51703.54,137,176,0,0,37,76,"EII","EII",33,33
"4",-50777.12,-50944.32,122,156,0,0.07,22,132,"EII","EII",44,44
"5",-50059.1,-50387.88,2,197,449.03,0,1,97,"EII","EII",55,55
"6",-49745.63,-50001.29,63,60,0.38,0.1,39,59,"EII","EII",66,66
"7",-49413.28,-49716.64,123,124,0,0,23,24,"EII","EII",77,77
"8",-49148.19,-49467.75,5,103,59.55,0,2,3,"EII","EII",88,88
"9",-48933.45,-49255.53,168,193,0,0.34,68,188,"EII","EII",99,99
"10",-48751.59,-49082.69,113,26,0,0.38,13,13,"EII","EII",110,110
