"","best_ll_s1","best_ll_s2","iter_best_s1","iter_best_s2","d_s1","d_s2","iter4sec_s1","iter4sec_s2","model_s1","model_s2","df_1","df_2"
"1",-1e+07,-1e+07,NA,NA,0,0,NA,NA,NA,NA,NA,NA
"2",-52263.88,-52386.96,139,81,0.03,0.02,98,72,"EII","EII",22,22
"3",-51512.58,-51703.45,74,195,0.11,0.08,40,90,"EII","EII",33,33
"4",-50777.04,-50944.39,145,1,0.07,49949999.98,47,0,"EII","EII",44,44
"5",-50058.91,-50387.86,97,19,0,0,197,119,"EII","EII",55,55
"6",-49745.16,-50001.39,97,200,0.44,0.02,20,142,"EII","EII",66,66
"7",-49413.35,-49716.51,199,198,0.08,0.01,82,41,"EII","EII",77,77
"8",-49147.91,-49467.35,187,98,0,0.5,62,74,"EII","EII",88,88
"9",-48933.07,-49255.86,14,88,0.16,0,11,188,"EII","EII",99,99
"10",-48750.64,-49083.02,31,88,0.35,0.08,6,39,"EII","EII",110,110
