"","best_ll_s1","best_ll_s2","iter_best_s1","iter_best_s2","d_s1","d_s2","iter4sec_s1","iter4sec_s2","model_s1","model_s2","df_1","df_2"
"1",-1e+07,-1e+07,NA,NA,0,0,NA,NA,NA,NA,NA,NA
"2",-52263.88,-52386.96,2,127,0,0.05,102,7,"EII","EII",22,22
"3",-51512.62,-51703.53,95,200,0,0.02,195,69,"EII","EII",33,33
"4",-50776.99,-50944.35,98,167,0,0.01,168,141,"EII","EII",44,44
"5",-50059.01,-50387.86,131,1,0.03,0,117,101,"EII","EII",55,55
"6",-49745.21,-50001.35,4,121,0,0.02,104,61,"EII","EII",66,66
"7",-49413.43,-49716.39,197,165,0.05,0.09,48,76,"EII","EII",77,77
"8",-49147.53,-49467.54,15,195,0,0.13,115,12,"EII","EII",88,88
"9",-48933.25,-49255.67,127,82,0.03,0,104,182,"EII","EII",99,99
"10",-48751.04,-49082.46,121,149,0.47,0.05,38,105,"EII","EII",110,110
