"","best_ll_s1","best_ll_s2","iter_best_s1","iter_best_s2","d_s1","d_s2","iter4sec_s1","iter4sec_s2","model_s1","model_s2","df_1","df_2"
"1",-1e+07,-1e+07,NA,NA,0,0,NA,NA,NA,NA,NA,NA
"2",-52263.86,-52386.97,98,69,0.03,0.01,82,45,"EII","EII",22,22
"3",-51512.58,-51703.49,91,42,0.08,0.1,77,35,"EII","EII",33,33
"4",-50777.01,-50944.34,171,200,0.08,0.01,150,152,"EII","EII",44,44
"5",-50059.07,-50387.89,192,185,0.01,0.01,69,113,"EII","EII",55,55
"6",-49745.64,-50001.33,149,131,0.14,0.05,67,104,"EII","EII",66,66
"7",-49413.19,-49716.44,18,27,0.43,0.03,13,23,"EII","EII",77,77
"8",-49147.83,-49467.47,40,18,0.36,0.3,27,14,"EII","EII",88,88
"9",-48932.91,-49255.84,117,164,0.69,0.07,101,41,"EII","EII",99,99
"10",-48750.83,-49082.6,162,157,0.01,0.7,113,156,"EII","EII",110,110
