"","best_ll_s1","best_ll_s2","iter_best_s1","iter_best_s2","d_s1","d_s2","iter4sec_s1","iter4sec_s2","model_s1","model_s2","df_1","df_2"
"1",-1e+07,-1e+07,NA,NA,0,0,NA,NA,NA,NA,NA,NA
"2",-52263.9,-52387,184,112,0.01,0,175,12,"EII","EII",22,22
"3",-51512.87,-51703.52,90,99,0.04,0.06,5,58,"EII","EII",33,33
"4",-50777.06,-50944.3,90,92,0.01,0,1,50,"EII","EII",44,44
"5",-50059.06,-50387.83,6,177,0.5,0,1,77,"EII","EII",55,55
"6",-49745.39,-50001.38,165,106,0,0,65,6,"EII","EII",66,66
"7",-49413.24,-49716.63,158,166,0,0,58,66,"EII","EII",77,77
"8",-49148.14,-49467.04,45,34,0.13,1.22,23,8,"EII","EII",88,88
"9",-48933.36,-49256.17,194,168,0,0,94,68,"EII","EII",99,99
"10",-48752.01,-49082.45,64,48,0.06,1.38,43,5,"EII","EII",110,110
