"","best_ll_s1","best_ll_s2","iter_best_s1","iter_best_s2","d_s1","d_s2","iter4sec_s1","iter4sec_s2","model_s1","model_s2","df_1","df_2"
"1",-1e+07,-1e+07,NA,NA,0,0,NA,NA,NA,NA,NA,NA
"2",-52263.87,-52386.96,166,57,0.01,0,18,45,"EII","EII",22,22
"3",-51512.49,-51703.49,90,91,0.11,0.09,27,76,"EII","EII",33,33
"4",-50776.99,-50944.31,132,127,0.08,0.03,42,64,"EII","EII",44,44
"5",-50059.05,-50387.81,178,122,0.01,0.09,29,8,"EII","EII",55,55
"6",-49745.54,-50001.37,125,124,0.06,0.07,58,23,"EII","EII",66,66
"7",-49413.26,-49716.55,186,115,0.17,0.12,28,3,"EII","EII",77,77
"8",-49147.56,-49467.4,102,42,0.2,0.55,66,14,"EII","EII",88,88
"9",-48933.18,-49255.66,171,72,0.03,0.84,90,12,"EII","EII",99,99
"10",-48750.32,-49082.69,10,86,2.61,0.78,5,42,"EII","EII",110,110
