"","best_ll_s1","best_ll_s2","iter_best_s1","iter_best_s2","d_s1","d_s2","iter4sec_s1","iter4sec_s2","model_s1","model_s2","df_1","df_2"
"1",-1e+07,-1e+07,NA,NA,0,0,NA,NA,NA,NA,NA,NA
"2",-52263.88,-52386.97,109,42,0,0.05,32,26,"EII","EII",22,22
"3",-51512.58,-51703.5,22,190,0.17,0.04,7,83,"EII","EII",33,33
"4",-50777.11,-50944.34,156,180,0.02,0,71,6,"EII","EII",44,44
"5",-50059.08,-50387.94,199,110,0,0,185,7,"EII","EII",55,55
"6",-49745.38,-50001.28,35,9,0.39,0.23,20,4,"EII","EII",66,66
"7",-49412.98,-49716.47,115,89,0.18,0.31,45,22,"EII","EII",77,77
"8",-49147.5,-49467.54,45,153,0.48,0.01,33,90,"EII","EII",88,88
"9",-48932.81,-49255.36,84,116,0.25,0.09,41,38,"EII","EII",99,99
"10",-48750.95,-49083.23,37,164,1.1,0.19,12,62,"EII","EII",110,110
