"","best_ll_s1","best_ll_s2","iter_best_s1","iter_best_s2","d_s1","d_s2","iter4sec_s1","iter4sec_s2","model_s1","model_s2","df_1","df_2"
"1",-1e+07,-1e+07,NA,NA,0,0,NA,NA,NA,NA,NA,NA
"2",-52263.88,-52386.97,94,25,0.01,0.23,7,10,"EII","EII",22,22
"3",-51512.66,-51703.45,104,132,0.09,0.06,102,82,"EII","EII",33,33
"4",-50777.05,-50944.34,190,75,0,0,190,75,"EII","EII",44,44
"5",-50058.99,-50387.87,35,26,0.02,0.02,7,18,"EII","EII",55,55
"6",-49745.26,-50001.2,95,2,0.13,0.22,7,1,"EII","EII",66,66
"7",-49413.18,-49716.58,195,119,0.06,0,112,119,"EII","EII",77,77
"8",-49147.74,-49467.58,116,93,0,0.04,116,79,"EII","EII",88,88
"9",-48932.65,-49255.9,83,102,0.55,0,32,102,"EII","EII",99,99
"10",-48751.21,-49082.25,81,200,0,0.38,81,106,"EII","EII",110,110
