"","best_ll_s1","best_ll_s2","iter_best_s1","iter_best_s2","d_s1","d_s2","iter4sec_s1","iter4sec_s2","model_s1","model_s2","df_1","df_2"
"1",-1e+07,-1e+07,NA,NA,0,0,NA,NA,NA,NA,NA,NA
"2",-52263.9,-52386.98,144,141,0,0.02,44,83,"EII","EII",22,22
"3",-51512.52,-51703.49,18,53,0.15,0.04,5,15,"EII","EII",33,33
"4",-50776.98,-50944.38,5,89,0.72,0,1,17,"EII","EII",44,44
"5",-50058.93,-50387.87,34,62,0.17,0.05,1,18,"EII","EII",55,55
"6",-49745.37,-50001.33,81,139,0.11,0.03,5,82,"EII","EII",66,66
"7",-49412.89,-49716.53,48,34,0.53,0.05,39,5,"EII","EII",77,77
"8",-49147.67,-49467.51,69,142,0.22,0.1,25,113,"EII","EII",88,88
"9",-48933.03,-49255.47,188,21,0.38,29.18,26,6,"EII","EII",99,99
"10",-48750.68,-49082.81,139,94,1.29,0.19,127,47,"EII","EII",110,110
