"","best_ll_s1","best_ll_s2","iter_best_s1","iter_best_s2","d_s1","d_s2","iter4sec_s1","iter4sec_s2","model_s1","model_s2","df_1","df_2"
"1",-1e+07,-1e+07,NA,NA,0,0,NA,NA,NA,NA,NA,NA
"2",-52263.89,-52386.97,143,145,0.02,0.05,123,135,"EII","EII",22,22
"3",-51512.31,-51703.47,21,145,0,0,21,145,"EII","EII",33,33
"4",-50777.02,-50944.35,126,106,0,0,126,106,"EII","EII",44,44
"5",-50058.96,-50387.86,187,71,0.12,0.03,180,15,"EII","EII",55,55
"6",-49745.55,-50001.36,182,155,0.07,0.1,40,72,"EII","EII",66,66
"7",-49413.28,-49716.47,20,128,0,0,20,128,"EII","EII",77,77
"8",-49147.67,-49467.53,52,89,0,0.56,52,49,"EII","EII",88,88
"9",-48932.89,-49255.35,101,111,0,0.46,101,42,"EII","EII",99,99
"10",-48751.13,-49083.37,76,53,0.6,0.19,17,33,"EII","EII",110,110
