"","best_ll_s1","best_ll_s2","iter_best_s1","iter_best_s2","d_s1","d_s2","iter4sec_s1","iter4sec_s2","model_s1","model_s2","df_1","df_2"
"1",-1e+07,-1e+07,NA,NA,0,0,NA,NA,NA,NA,NA,NA
"2",-52263.87,-52386.98,74,106,0.02,0.02,40,12,"EII","EII",22,22
"3",-51512.61,-51703.52,153,95,0,0.07,132,26,"EII","EII",33,33
"4",-50777.01,-50944.33,154,190,0.01,0.01,51,48,"EII","EII",44,44
"5",-50059.09,-50387.85,27,102,0.01,0,15,15,"EII","EII",55,55
"6",-49745.46,-50001.54,99,33,0.43,0,89,32,"EII","EII",66,66
"7",-49413.08,-49716.28,54,16,0.54,0.91,23,13,"EII","EII",77,77
"8",-49147.69,-49467.59,43,89,0.18,0.26,3,55,"EII","EII",88,88
"9",-48932.56,-49255.35,21,36,1.05,1.83,2,1,"EII","EII",99,99
"10",-48750.65,-49083.03,40,136,0.71,0.12,32,50,"EII","EII",110,110
