"","best_ll_s1","best_ll_s2","iter_best_s1","iter_best_s2","d_s1","d_s2","iter4sec_s1","iter4sec_s2","model_s1","model_s2","df_1","df_2"
"1",-1e+07,-1e+07,NA,NA,0,0,NA,NA,NA,NA,NA,NA
"2",-52263.9,-52387.01,44,99,0.04,0,35,4,"EII","EII",22,22
"3",-51512.61,-51703.61,194,39,0.06,0,127,2,"EII","EII",33,33
"4",-50777.01,-50944.32,89,185,0.03,0.02,15,164,"EII","EII",44,44
"5",-50059,-50387.87,62,153,0.02,0.03,13,42,"EII","EII",55,55
"6",-49745.56,-50001.37,128,199,0.04,0.03,122,76,"EII","EII",66,66
"7",-49412.83,-49716.47,64,42,0.74,0.45,38,1,"EII","EII",77,77
"8",-49147.72,-49467.67,55,86,0.22,0.12,38,40,"EII","EII",88,88
"9",-48932.46,-49255.48,108,9,0.67,0.67,41,7,"EII","EII",99,99
"10",-48750.68,-49082.7,108,32,0.34,0.04,43,9,"EII","EII",110,110
