"","best_ll_s1","best_ll_s2","iter_best_s1","iter_best_s2","d_s1","d_s2","iter4sec_s1","iter4sec_s2","model_s1","model_s2","df_1","df_2"
"1",-1e+07,-1e+07,NA,NA,0,0,NA,NA,NA,NA,NA,NA
"2",-52263.87,-52386.96,147,174,0,0,4,21,"EII","EII",22,22
"3",-51512.38,-51703.49,7,54,0.7,0.1,3,31,"EII","EII",33,33
"4",-50777.08,-50944.4,154,32,0.04,0,68,3,"EII","EII",44,44
"5",-50058.92,-50387.83,103,77,0.14,0.04,14,3,"EII","EII",55,55
"6",-49745.37,-50001.41,91,58,0.32,0,1,45,"EII","EII",66,66
"7",-49413.01,-49716.35,172,155,0.26,0.05,39,123,"EII","EII",77,77
"8",-49147.66,-49467.45,133,99,0.11,0.19,111,58,"EII","EII",88,88
"9",-48932.49,-49255.63,90,76,0.51,0.11,4,27,"EII","EII",99,99
"10",-48750.28,-49083.23,188,194,0.06,0.07,74,53,"EII","EII",110,110
