"","best_ll_s1","best_ll_s2","iter_best_s1","iter_best_s2","d_s1","d_s2","iter4sec_s1","iter4sec_s2","model_s1","model_s2","df_1","df_2"
"1",-1e+07,-1e+07,NA,NA,0,0,NA,NA,NA,NA,NA,NA
"2",-52263.88,-52386.97,48,40,0.17,0.01,32,35,"EII","EII",22,22
"3",-51512.42,-51703.68,50,7,0.25,0,13,1,"EII","EII",33,33
"4",-50777.13,-50944.34,52,155,0,0.01,26,70,"EII","EII",44,44
"5",-50059.05,-50387.83,117,2,0.04,0.63,47,1,"EII","EII",55,55
"6",-49745.33,-50001.21,8,155,0.58,0.11,2,29,"EII","EII",66,66
"7",-49413.18,-49716.61,14,147,0.81,0.05,5,33,"EII","EII",77,77
"8",-49147.3,-49467.39,43,28,0.48,1.56,21,18,"EII","EII",88,88
"9",-48932.85,-49255.72,110,158,0.26,0.07,19,146,"EII","EII",99,99
"10",-48750.82,-49082.27,112,184,0.22,0.37,50,125,"EII","EII",110,110
