"","best_ll_s1","best_ll_s2","iter_best_s1","iter_best_s2","d_s1","d_s2","iter4sec_s1","iter4sec_s2","model_s1","model_s2","df_1","df_2"
"1",-1e+07,-1e+07,NA,NA,0,0,NA,NA,NA,NA,NA,NA
"2",-52264.15,-52387.28,29,53,0.01,0,3,34,"EII","EII",22,22
"3",-51512.67,-51703.46,115,181,0.04,0.06,49,18,"EII","EII",33,33
"4",-50777.28,-50944.35,5,99,0,0,4,51,"EII","EII",44,44
"5",-50058.9,-50387.9,128,11,0.01,0.02,54,3,"EII","EII",55,55
"6",-49745.46,-50001.2,191,120,0.02,0.17,111,4,"EII","EII",66,66
"7",-49413.3,-49716.47,82,159,0.13,0.04,36,59,"EII","EII",77,77
"8",-49147.39,-49467.55,132,179,0.57,0.11,118,94,"EII","EII",88,88
"9",-48933.48,-49255.58,139,177,0.09,0.39,126,32,"EII","EII",99,99
"10",-48750.83,-49083.21,144,19,0.43,20.41,99,4,"EII","EII",110,110
