"","best_ll_s1","best_ll_s2","iter_best_s1","iter_best_s2","d_s1","d_s2","iter4sec_s1","iter4sec_s2","model_s1","model_s2","df_1","df_2"
"1",-1e+07,-1e+07,NA,NA,0,0,NA,NA,NA,NA,NA,NA
"2",-52263.89,-52386.97,102,122,0.02,0.02,83,31,"EII","EII",22,22
"3",-51512.31,-51703.52,102,195,0,0,102,163,"EII","EII",33,33
"4",-50776.99,-50944.34,101,170,0.14,0.01,52,29,"EII","EII",44,44
"5",-50058.97,-50387.84,103,20,0.05,0.22,90,17,"EII","EII",55,55
"6",-49745.46,-50001.41,30,104,0.17,0,28,104,"EII","EII",66,66
"7",-49413.32,-49716.56,138,141,0,0.15,138,59,"EII","EII",77,77
"8",-49147.52,-49467.55,141,182,0.45,0,71,182,"EII","EII",88,88
"9",-48933.14,-49255.38,36,17,0.33,0,3,17,"EII","EII",99,99
"10",-48750.24,-49082.53,104,73,0,0,104,73,"EII","EII",110,110
