"","best_ll_s1","best_ll_s2","iter_best_s1","iter_best_s2","d_s1","d_s2","iter4sec_s1","iter4sec_s2","model_s1","model_s2","df_1","df_2"
"1",-1e+07,-1e+07,NA,NA,0,0,NA,NA,NA,NA,NA,NA
"2",-52263.91,-52386.96,173,158,0.01,0,31,109,"EII","EII",22,22
"3",-51512.43,-51703.47,19,184,0.41,0.02,1,45,"EII","EII",33,33
"4",-50777.04,-50944.28,119,178,0.08,0.03,54,54,"EII","EII",44,44
"5",-50059.09,-50387.89,70,10,0.01,0.2,25,9,"EII","EII",55,55
"6",-49745.4,-50001.35,96,101,0.25,0.02,39,19,"EII","EII",66,66
"7",-49413.25,-49716.36,156,169,0.1,0.32,41,82,"EII","EII",77,77
"8",-49147.67,-49467.62,10,99,1.48,0.02,7,4,"EII","EII",88,88
"9",-48933.03,-49255.55,1,102,479960099.85,0.02,0,78,"EII","EII",99,99
"10",-48751,-49082.54,158,120,0.07,0.01,106,25,"EII","EII",110,110
