"","best_ll_s1","best_ll_s2","iter_best_s1","iter_best_s2","d_s1","d_s2","iter4sec_s1","iter4sec_s2","model_s1","model_s2","df_1","df_2"
"1",-1e+07,-1e+07,NA,NA,0,0,NA,NA,NA,NA,NA,NA
"2",-52263.88,-52386.96,28,136,0.06,0,19,100,"EII","EII",22,22
"3",-51512.31,-51703.49,164,70,0.29,0.02,38,22,"EII","EII",33,33
"4",-50777.02,-50944.28,27,17,0.17,0.12,1,10,"EII","EII",44,44
"5",-50058.94,-50387.87,170,184,0.07,0.02,37,24,"EII","EII",55,55
"6",-49745.94,-50001.19,50,76,0,0.15,12,47,"EII","EII",66,66
"7",-49413.25,-49716.46,173,184,0,0.1,81,145,"EII","EII",77,77
"8",-49147.59,-49467.73,189,180,0.13,0.09,155,59,"EII","EII",88,88
"9",-48932.94,-49255.53,19,196,0.23,0.52,4,169,"EII","EII",99,99
"10",-48750.87,-49082.8,152,126,0.14,0.39,84,22,"EII","EII",110,110
