"","best_ll_s1","best_ll_s2","iter_best_s1","iter_best_s2","d_s1","d_s2","iter4sec_s1","iter4sec_s2","model_s1","model_s2","df_1","df_2"
"1",-1e+07,-1e+07,NA,NA,0,0,NA,NA,NA,NA,NA,NA
"2",-52263.87,-52386.98,91,185,0.03,0.01,39,119,"EII","EII",22,22
"3",-51512.59,-51703.49,108,7,0.05,0.1,54,6,"EII","EII",33,33
"4",-50777.08,-50944.3,55,100,0,0.03,54,43,"EII","EII",44,44
"5",-50059.1,-50387.9,118,105,0,0,80,15,"EII","EII",55,55
"6",-49745.45,-50001.38,164,183,0.11,0.07,61,136,"EII","EII",66,66
"7",-49413.08,-49716.52,52,172,0.53,0.25,37,84,"EII","EII",77,77
"8",-49147.61,-49467.07,172,86,0.08,0.43,109,67,"EII","EII",88,88
"9",-48933.05,-49255.71,180,130,0.08,0.18,173,97,"EII","EII",99,99
"10",-48750.27,-49082.33,174,106,0.06,0.35,83,8,"EII","EII",110,110
