"","best_ll_s1","best_ll_s2","iter_best_s1","iter_best_s2","d_s1","d_s2","iter4sec_s1","iter4sec_s2","model_s1","model_s2","df_1","df_2"
"1",-1e+07,-1e+07,NA,NA,0,0,NA,NA,NA,NA,NA,NA
"2",-52263.88,-52386.96,196,190,0,0.01,170,45,"EII","EII",22,22
"3",-51512.61,-51703.47,3,163,0,0.1,3,145,"EII","EII",33,33
"4",-50776.93,-50944.33,42,32,0,0,42,32,"EII","EII",44,44
"5",-50058.98,-50387.89,54,23,0.12,0,38,23,"EII","EII",55,55
"6",-49745.43,-50001.2,62,112,0,0.1,62,50,"EII","EII",66,66
"7",-49413.08,-49716.71,121,5,0.15,0.68,107,2,"EII","EII",77,77
"8",-49147.55,-49467.33,121,3,0,51.82,121,1,"EII","EII",88,88
"9",-48932.69,-49255.62,166,111,0,0,166,111,"EII","EII",99,99
"10",-48750.59,-49082.58,145,149,0.78,0,83,149,"EII","EII",110,110
