"","best_ll_s1","best_ll_s2","iter_best_s1","iter_best_s2","d_s1","d_s2","iter4sec_s1","iter4sec_s2","model_s1","model_s2","df_1","df_2"
"1",-1e+07,-1e+07,NA,NA,0,0,NA,NA,NA,NA,NA,NA
"2",-52263.87,-52387.29,50,7,0.02,0,9,4,"EII","EII",22,22
"3",-51512.32,-51703.54,8,87,0.32,0.01,3,50,"EII","EII",33,33
"4",-50777.09,-50944.27,101,77,0,0.05,72,30,"EII","EII",44,44
"5",-50059.03,-50387.88,47,36,0.02,0.07,46,4,"EII","EII",55,55
"6",-49745.49,-50001.17,157,84,0.05,0.27,71,16,"EII","EII",66,66
"7",-49413.25,-49716.47,32,159,0,0.12,6,145,"EII","EII",77,77
"8",-49147.74,-49467.68,6,39,0.32,0.01,1,27,"EII","EII",88,88
"9",-48933.26,-49255.52,165,160,0.06,0.46,114,154,"EII","EII",99,99
"10",-48750.93,-49082.71,177,176,0.16,0.29,112,163,"EII","EII",110,110
