"","best_ll_s1","best_ll_s2","iter_best_s1","iter_best_s2","d_s1","d_s2","iter4sec_s1","iter4sec_s2","model_s1","model_s2","df_1","df_2"
"1",-1e+07,-1e+07,NA,NA,0,0,NA,NA,NA,NA,NA,NA
"2",-52263.87,-52386.98,116,54,0.03,0,20,54,"EII","EII",22,22
"3",-51512.44,-51703.51,38,162,0.33,0.05,9,19,"EII","EII",33,33
"4",-50777,-50944.32,160,198,0.06,0,23,198,"EII","EII",44,44
"5",-50059,-50387.9,75,198,0,0,75,171,"EII","EII",55,55
"6",-49745.54,-50001.41,48,116,0,0,96,116,"EII","EII",66,66
"7",-49413.2,-49716.53,30,49,0,0.38,30,22,"EII","EII",77,77
"8",-49147.74,-49467.6,97,87,0.29,0.12,52,77,"EII","EII",88,88
"9",-48932.37,-49255.39,166,3,0,66.38,166,1,"EII","EII",99,99
"10",-48751.24,-49082.88,10,66,1.6,0,2,66,"EII","EII",110,110
