"","best_ll_s1","best_ll_s2","iter_best_s1","iter_best_s2","d_s1","d_s2","iter4sec_s1","iter4sec_s2","model_s1","model_s2","df_1","df_2"
"1",-1e+07,-1e+07,NA,NA,0,0,NA,NA,NA,NA,NA,NA
"2",-52263.88,-52386.95,144,183,0,0.02,50,158,"EII","EII",22,22
"3",-51513.27,-51703.51,4,75,0,0.01,3,58,"EII","EII",33,33
"4",-50777.05,-50944.47,100,14,0.07,0,75,11,"EII","EII",44,44
"5",-50059.01,-50387.89,28,33,0.11,0.04,10,3,"EII","EII",55,55
"6",-49745.42,-50001.29,22,98,0.17,0.16,13,60,"EII","EII",66,66
"7",-49413.19,-49716.39,61,165,0.1,0.09,2,62,"EII","EII",77,77
"8",-49147.47,-49467.14,62,62,0.41,0.16,31,25,"EII","EII",88,88
"9",-48932.82,-49255.42,139,197,0.18,0.32,88,133,"EII","EII",99,99
"10",-48750.95,-49083.84,63,66,1.07,0,43,24,"EII","EII",110,110
