"","best_ll_s1","best_ll_s2","iter_best_s1","iter_best_s2","d_s1","d_s2","iter4sec_s1","iter4sec_s2","model_s1","model_s2","df_1","df_2"
"1",-1e+07,-1e+07,NA,NA,0,0,NA,NA,NA,NA,NA,NA
"2",-52263.87,-52386.99,125,170,0,0,87,120,"EII","EII",22,22
"3",-51512.47,-51703.66,122,16,0.15,0,15,1,"EII","EII",33,33
"4",-50776.97,-50944.4,96,54,0.14,0,14,2,"EII","EII",44,44
"5",-50059.09,-50387.89,25,137,0,0,10,133,"EII","EII",55,55
"6",-49745.52,-50001.35,57,59,0.07,0.09,19,27,"EII","EII",66,66
"7",-49413.12,-49716.51,153,155,0.05,0.18,68,21,"EII","EII",77,77
"8",-49147.57,-49467.54,175,146,0.11,0.07,174,102,"EII","EII",88,88
"9",-48932.81,-49255.49,89,20,0.34,1.22,55,16,"EII","EII",99,99
"10",-48750.89,-49082.39,35,46,0.47,0.99,8,22,"EII","EII",110,110
