"","best_ll_s1","best_ll_s2","iter_best_s1","iter_best_s2","d_s1","d_s2","iter4sec_s1","iter4sec_s2","model_s1","model_s2","df_1","df_2"
"1",-1e+07,-1e+07,NA,NA,0,0,NA,NA,NA,NA,NA,NA
"2",-52263.87,-52386.95,130,175,0,0.04,141,15,"EII","EII",22,22
"3",-51512.59,-51703.49,126,69,0.19,0,34,69,"EII","EII",33,33
"4",-50777.04,-50944.23,155,70,0.06,0.11,106,46,"EII","EII",44,44
"5",-50059.02,-50387.87,73,135,0,0.03,73,47,"EII","EII",55,55
"6",-49745.77,-50001.39,165,112,0.07,0,63,65,"EII","EII",66,66
"7",-49413.3,-49716.4,189,179,0.05,0,166,179,"EII","EII",77,77
"8",-49147.51,-49467.46,136,50,0,0,136,50,"EII","EII",88,88
"9",-48933.01,-49256.07,134,116,0.12,0.14,26,59,"EII","EII",99,99
"10",-48750.74,-49083.19,89,200,0,0,89,200,"EII","EII",110,110
