"","best_ll_s1","best_ll_s2","iter_best_s1","iter_best_s2","d_s1","d_s2","iter4sec_s1","iter4sec_s2","model_s1","model_s2","df_1","df_2"
"1",-1e+07,-1e+07,NA,NA,0,0,NA,NA,NA,NA,NA,NA
"2",-52263.89,-52386.99,65,169,0.01,0.02,40,40,"EII","EII",22,22
"3",-51512.58,-51703.51,111,66,0.04,0.03,106,31,"EII","EII",33,33
"4",-50777.03,-50944.27,87,122,0.05,0.04,29,100,"EII","EII",44,44
"5",-50058.92,-50387.87,27,14,0.13,0,21,56,"EII","EII",55,55
"6",-49745.18,-50001.24,146,164,0.22,0.1,188,5,"EII","EII",66,66
"7",-49413.04,-49716.41,188,160,0.33,0.14,72,153,"EII","EII",77,77
"8",-49147.62,-49467.12,197,127,0.21,0.33,108,109,"EII","EII",88,88
"9",-48932.66,-49255.73,176,6,0.43,0.06,137,39,"EII","EII",99,99
"10",-48750.71,-49082.44,28,31,2.15,1.06,13,191,"EII","EII",110,110
