"","best_ll_s1","best_ll_s2","iter_best_s1","iter_best_s2","d_s1","d_s2","iter4sec_s1","iter4sec_s2","model_s1","model_s2","df_1","df_2"
"1",-1e+07,-1e+07,NA,NA,0,0,NA,NA,NA,NA,NA,NA
"2",-52263.86,-52386.97,32,4,0.22,0.36,20,2,"EII","EII",22,22
"3",-51512.51,-51703.51,190,160,0.2,0.03,50,150,"EII","EII",33,33
"4",-50776.88,-50944.34,182,71,0.24,0.04,123,25,"EII","EII",44,44
"5",-50059.05,-50387.87,116,37,0.01,0.1,29,32,"EII","EII",55,55
"6",-49745.56,-50001.42,72,141,0.4,0.06,27,107,"EII","EII",66,66
"7",-49413.05,-49716.65,194,199,0.16,0,89,34,"EII","EII",77,77
"8",-49147.49,-49467.56,57,96,0.14,0.1,7,47,"EII","EII",88,88
"9",-48932.96,-49256.06,1,59,479960099.92,0.37,0,48,"EII","EII",99,99
"10",-48751.01,-49082.66,101,163,0.9,0.11,28,17,"EII","EII",110,110
