"","best_ll_s1","best_ll_s2","iter_best_s1","iter_best_s2","d_s1","d_s2","iter4sec_s1","iter4sec_s2","model_s1","model_s2","df_1","df_2"
"1",-1e+07,-1e+07,NA,NA,0,0,NA,NA,NA,NA,NA,NA
"2",-52263.9,-52386.95,90,198,0.09,0.02,76,101,"EII","EII",22,22
"3",-51512.46,-51703.56,179,178,0.14,0.01,49,92,"EII","EII",33,33
"4",-50777.06,-50944.31,28,153,0.08,0.04,11,37,"EII","EII",44,44
"5",-50058.97,-50387.9,133,186,0.13,0,90,93,"EII","EII",55,55
"6",-49745.54,-50001.3,71,104,0.23,0.16,36,76,"EII","EII",66,66
"7",-49413.19,-49716.6,109,150,0.1,0.08,66,14,"EII","EII",77,77
"8",-49147.64,-49467.51,99,22,0.27,0.33,21,13,"EII","EII",88,88
"9",-48933.04,-49255.62,38,152,0.18,0.03,4,13,"EII","EII",99,99
"10",-48750.59,-49082.63,118,57,0.33,0.61,34,54,"EII","EII",110,110
