"","best_ll_s1","best_ll_s2","iter_best_s1","iter_best_s2","d_s1","d_s2","iter4sec_s1","iter4sec_s2","model_s1","model_s2","df_1","df_2"
"1",-1e+07,-1e+07,NA,NA,0,0,NA,NA,NA,NA,NA,NA
"2",-52263.87,-52386.95,109,21,0.03,0.07,52,5,"EII","EII",22,22
"3",-51512.57,-51703.41,97,26,0.02,0.12,76,21,"EII","EII",33,33
"4",-50777.03,-50944.26,191,154,0.05,0.09,76,143,"EII","EII",44,44
"5",-50058.95,-50387.86,176,4,0.08,0.72,51,3,"EII","EII",55,55
"6",-49745.48,-50001.3,172,83,0.11,0.06,51,16,"EII","EII",66,66
"7",-49413.12,-49716.4,111,159,0.13,0.02,12,100,"EII","EII",77,77
"8",-49147.64,-49467.37,184,68,0,0.17,123,4,"EII","EII",88,88
"9",-48932.9,-49255.55,53,46,0.44,0.64,14,25,"EII","EII",99,99
"10",-48750.72,-49083.25,51,22,1.57,0.86,32,13,"EII","EII",110,110
