"","best_ll_s1","best_ll_s2","iter_best_s1","iter_best_s2","d_s1","d_s2","iter4sec_s1","iter4sec_s2","model_s1","model_s2","df_1","df_2"
"1",-1e+07,-1e+07,NA,NA,0,0,NA,NA,NA,NA,NA,NA
"2",-52263.88,-52386.95,81,122,0.08,0.02,58,48,"EII","EII",22,22
"3",-51512.52,-51703.63,133,12,0.05,0,131,7,"EII","EII",33,33
"4",-50777.08,-50944.28,68,44,0.08,0.05,41,20,"EII","EII",44,44
"5",-50059.36,-50387.88,14,72,0,0,8,60,"EII","EII",55,55
"6",-49745.27,-50001.16,180,101,0.01,0.16,41,50,"EII","EII",66,66
"7",-49413.25,-49716.54,84,69,0.26,0.11,33,68,"EII","EII",77,77
"8",-49147.56,-49467.48,58,170,0.53,0.11,36,9,"EII","EII",88,88
"9",-48933.2,-49255.48,65,194,0.45,0.03,19,10,"EII","EII",99,99
"10",-48751.12,-49082.99,26,21,6.54,1.93,16,17,"EII","EII",110,110
