"","best_ll_s1","best_ll_s2","iter_best_s1","iter_best_s2","d_s1","d_s2","iter4sec_s1","iter4sec_s2","model_s1","model_s2","df_1","df_2"
"1",-1e+07,-1e+07,NA,NA,0,0,NA,NA,NA,NA,NA,NA
"2",-52263.88,-52386.99,36,101,0.01,0.04,25,47,"EII","EII",22,22
"3",-51512.33,-51703.48,153,145,0.22,0.09,16,141,"EII","EII",33,33
"4",-50776.98,-50944.34,173,10,0.08,0.07,46,7,"EII","EII",44,44
"5",-50058.96,-50387.91,121,82,0.09,0,16,59,"EII","EII",55,55
"6",-49745.5,-50001.37,19,134,0.3,0.11,15,17,"EII","EII",66,66
"7",-49413.18,-49716.44,161,131,0.21,0.25,120,4,"EII","EII",77,77
"8",-49147.69,-49467.77,45,148,0.17,0.04,13,49,"EII","EII",88,88
"9",-48933.05,-49255.72,17,74,0.86,0.3,7,70,"EII","EII",99,99
"10",-48751.04,-49082.79,143,141,0.09,0.59,31,37,"EII","EII",110,110
