"","best_ll_s1","best_ll_s2","iter_best_s1","iter_best_s2","d_s1","d_s2","iter4sec_s1","iter4sec_s2","model_s1","model_s2","df_1","df_2"
"1",-1e+07,-1e+07,NA,NA,0,0,NA,NA,NA,NA,NA,NA
"2",-52263.87,-52386.96,5,141,0.29,0.01,2,34,"EII","EII",22,22
"3",-51512.53,-51703.48,80,124,0.3,0.02,19,80,"EII","EII",33,33
"4",-50777.02,-50944.32,55,145,0.09,0.02,46,108,"EII","EII",44,44
"5",-50059.08,-50387.9,26,86,0.03,0,7,63,"EII","EII",55,55
"6",-49745.28,-50001.09,53,20,0.68,0.24,11,10,"EII","EII",66,66
"7",-49413.06,-49716.52,92,23,0.17,0.42,11,2,"EII","EII",77,77
"8",-49147.47,-49467.64,111,100,0.3,0.01,10,68,"EII","EII",88,88
"9",-48932.81,-49255.61,192,23,0.34,1.25,64,12,"EII","EII",99,99
"10",-48750.92,-49082.31,163,85,0.52,1.05,124,23,"EII","EII",110,110
