"","best_ll_s1","best_ll_s2","iter_best_s1","iter_best_s2","d_s1","d_s2","iter4sec_s1","iter4sec_s2","model_s1","model_s2","df_1","df_2"
"1",-1e+07,-1e+07,NA,NA,0,0,NA,NA,NA,NA,NA,NA
"2",-52263.87,-52386.96,58,12,0.02,0.11,48,8,"EII","EII",22,22
"3",-51512.87,-51703.56,93,17,0,0.06,3,3,"EII","EII",33,33
"4",-50777.2,-50944.31,7,4,0,0.22,3,1,"EII","EII",44,44
"5",-50059.05,-50387.86,20,88,0.11,0.08,12,10,"EII","EII",55,55
"6",-49745.44,-50001.39,10,164,0.86,0,3,62,"EII","EII",66,66
"7",-49412.92,-49716.42,67,141,0.34,0.23,9,22,"EII","EII",77,77
"8",-49147.81,-49467.47,102,116,0.09,0.08,100,85,"EII","EII",88,88
"9",-48932.74,-49255.31,51,33,1.18,0.16,50,23,"EII","EII",99,99
"10",-48750.88,-49082.88,171,95,0.33,0.36,15,4,"EII","EII",110,110
