"","best_ll_s1","best_ll_s2","iter_best_s1","iter_best_s2","d_s1","d_s2","iter4sec_s1","iter4sec_s2","model_s1","model_s2","df_1","df_2"
"1",-1e+07,-1e+07,NA,NA,0,0,NA,NA,NA,NA,NA,NA
"2",-52263.89,-52386.98,51,174,0.04,0.03,47,129,"EII","EII",22,22
"3",-51512.55,-51703.5,114,110,0.01,0.04,4,7,"EII","EII",33,33
"4",-50776.97,-50944.34,194,40,0,0.02,194,28,"EII","EII",44,44
"5",-50059.02,-50387.91,106,180,0.07,0,65,148,"EII","EII",55,55
"6",-49745.39,-50001.29,111,11,0.22,0.14,34,5,"EII","EII",66,66
"7",-49413.09,-49716.4,195,75,0,0.29,195,6,"EII","EII",77,77
"8",-49147.43,-49467.65,91,46,0,0.04,91,34,"EII","EII",88,88
"9",-48932.58,-49255.38,183,188,0.5,0.12,37,10,"EII","EII",99,99
"10",-48750.52,-49082.61,56,96,1.5,0.35,44,64,"EII","EII",110,110
