"","best_ll_s1","best_ll_s2","iter_best_s1","iter_best_s2","d_s1","d_s2","iter4sec_s1","iter4sec_s2","model_s1","model_s2","df_1","df_2"
"1",-1e+07,-1e+07,NA,NA,0,0,NA,NA,NA,NA,NA,NA
"2",-52263.9,-52387.02,44,1,0,499950000.26,37,0,"EII","EII",22,22
"3",-51512.64,-51703.46,182,27,0.03,0.16,52,3,"EII","EII",33,33
"4",-50776.99,-50944.3,137,88,0.1,0.06,15,55,"EII","EII",44,44
"5",-50059.09,-50387.93,52,69,0.01,0,42,4,"EII","EII",55,55
"6",-49745.3,-50001.29,86,138,0.29,0.04,21,17,"EII","EII",66,66
"7",-49413.16,-49716.4,112,146,0.12,0.14,59,88,"EII","EII",77,77
"8",-49147.5,-49467.68,69,139,0.52,0.13,50,12,"EII","EII",88,88
"9",-48933.06,-49255.66,122,192,0.52,0.19,118,107,"EII","EII",99,99
"10",-48750.52,-49083.02,137,193,0.14,0.05,78,158,"EII","EII",110,110
