"","best_ll_s1","best_ll_s2","iter_best_s1","iter_best_s2","d_s1","d_s2","iter4sec_s1","iter4sec_s2","model_s1","model_s2","df_1","df_2"
"1",-1e+07,-1e+07,NA,NA,0,0,NA,NA,NA,NA,NA,NA
"2",-52263.88,-52386.96,29,6,0.01,0.28,13,3,"EII","EII",22,22
"3",-51512.42,-51703.48,35,157,0.38,0.07,15,131,"EII","EII",33,33
"4",-50777.17,-50944.29,19,9,0,0.08,7,3,"EII","EII",44,44
"5",-50059.1,-50387.86,79,52,0,0.05,7,40,"EII","EII",55,55
"6",-49745.39,-50001.09,101,76,0.1,0.37,75,61,"EII","EII",66,66
"7",-49413.13,-49716.46,52,174,0.43,0.12,49,160,"EII","EII",77,77
"8",-49147.38,-49467.45,50,17,0.19,0.16,46,4,"EII","EII",88,88
"9",-48932.63,-49255.36,181,45,0.3,0.79,135,14,"EII","EII",99,99
"10",-48750.17,-49082.51,9,73,2.59,0.81,6,10,"EII","EII",110,110
