"","best_ll_s1","best_ll_s2","iter_best_s1","iter_best_s2","d_s1","d_s2","iter4sec_s1","iter4sec_s2","model_s1","model_s2","df_1","df_2"
"1",-1e+07,-1e+07,NA,NA,0,0,NA,NA,NA,NA,NA,NA
"2",-52263.89,-52386.96,71,73,0,0.32,71,68,"EII","EII",22,22
"3",-51512.6,-51703.5,33,151,0.09,0.01,123,103,"EII","EII",33,33
"4",-50777.06,-50944.26,72,141,0,0.09,32,160,"EII","EII",44,44
"5",-50058.94,-50387.87,143,160,0.1,0.01,196,61,"EII","EII",55,55
"6",-49745.29,-50001.33,4,160,0.48,0.03,81,35,"EII","EII",66,66
"7",-49412.96,-49716.41,113,126,0.23,0.1,71,52,"EII","EII",77,77
"8",-49147.57,-49467.28,166,32,0.25,0.04,136,17,"EII","EII",88,88
"9",-48932.88,-49255.46,140,144,0.18,0.39,98,69,"EII","EII",99,99
"10",-48750.65,-49082.77,101,125,0.39,0.4,77,70,"EII","EII",110,110
