"","best_ll_s1","best_ll_s2","iter_best_s1","iter_best_s2","d_s1","d_s2","iter4sec_s1","iter4sec_s2","model_s1","model_s2","df_1","df_2"
"1",-1e+07,-1e+07,NA,NA,0,0,NA,NA,NA,NA,NA,NA
"2",-52263.98,-52386.96,24,4,0,0.42,20,3,"EII","EII",22,22
"3",-51512.51,-51703.54,178,177,0.12,0.03,58,90,"EII","EII",33,33
"4",-50777.08,-50944.36,35,67,0.05,0,11,29,"EII","EII",44,44
"5",-50059.06,-50387.8,21,129,0.06,0.07,9,33,"EII","EII",55,55
"6",-49745.42,-50001.33,113,10,0.15,0.27,109,2,"EII","EII",66,66
"7",-49413.34,-49716.25,129,60,0.05,0.26,38,36,"EII","EII",77,77
"8",-49147.92,-49467.56,170,111,0.14,0.06,79,35,"EII","EII",88,88
"9",-48933.12,-49255.65,199,69,0.18,0.01,153,23,"EII","EII",99,99
"10",-48750.61,-49082.94,50,36,0.09,0.51,15,20,"EII","EII",110,110
