"","best_ll_s1","best_ll_s2","iter_best_s1","iter_best_s2","d_s1","d_s2","iter4sec_s1","iter4sec_s2","model_s1","model_s2","df_1","df_2"
"1",-1e+07,-1e+07,NA,NA,0,0,NA,NA,NA,NA,NA,NA
"2",-52263.88,-52386.96,135,112,0.03,0.03,56,105,"EII","EII",22,22
"3",-51512.74,-51703.48,160,14,0,0.17,160,10,"EII","EII",33,33
"4",-50777.11,-50944.32,94,162,0,0.04,94,143,"EII","EII",44,44
"5",-50058.97,-50387.87,186,73,0.05,0.04,180,56,"EII","EII",55,55
"6",-49745.71,-50001.35,24,188,0,0.06,24,66,"EII","EII",66,66
"7",-49413.13,-49716.57,144,169,0.17,0,68,169,"EII","EII",77,77
"8",-49147.61,-49467.49,110,152,0,0.11,110,24,"EII","EII",88,88
"9",-48932.9,-49255.75,126,41,0.21,0.11,49,23,"EII","EII",99,99
"10",-48751.08,-49082.9,40,180,0,0.6,40,8,"EII","EII",110,110
