"","best_ll_s1","best_ll_s2","iter_best_s1","iter_best_s2","d_s1","d_s2","iter4sec_s1","iter4sec_s2","model_s1","model_s2","df_1","df_2"
"1",-1e+07,-1e+07,NA,NA,0,0,NA,NA,NA,NA,NA,NA
"2",-52263.91,-52386.98,126,176,0.03,0.02,101,155,"EII","EII",22,22
"3",-51512.64,-51703.51,104,180,0.04,0.03,45,134,"EII","EII",33,33
"4",-50777.02,-50944.31,142,195,0.01,0.03,128,142,"EII","EII",44,44
"5",-50059.13,-50387.87,22,9,0,0.02,20,6,"EII","EII",55,55
"6",-49745.44,-50001.39,156,72,0.21,0.09,20,56,"EII","EII",66,66
"7",-49413.02,-49716.42,44,190,0.54,0.01,26,110,"EII","EII",77,77
"8",-49147.72,-49467.59,98,1,0.06,489951001.12,58,0,"EII","EII",88,88
"9",-48933.02,-49255.52,90,169,0.08,0.42,13,125,"EII","EII",99,99
"10",-48750.38,-49082.89,173,188,0.92,0.27,28,67,"EII","EII",110,110
