"","best_ll_s1","best_ll_s2","iter_best_s1","iter_best_s2","d_s1","d_s2","iter4sec_s1","iter4sec_s2","model_s1","model_s2","df_1","df_2"
"1",-1e+07,-1e+07,NA,NA,0,0,NA,NA,NA,NA,NA,NA
"2",-52263.87,-52386.96,155,13,0.04,0.04,75,10,"EII","EII",22,22
"3",-51512.51,-51703.56,176,9,0.03,0.28,78,2,"EII","EII",33,33
"4",-50776.99,-50944.31,158,3,0.07,0.63,29,1,"EII","EII",44,44
"5",-50059.07,-50387.86,61,34,0.03,0.04,23,26,"EII","EII",55,55
"6",-49745.47,-50001.41,70,109,0.15,0,52,98,"EII","EII",66,66
"7",-49413.06,-49716.43,113,85,0.25,0.15,106,19,"EII","EII",77,77
"8",-49147.58,-49467.58,177,171,0.14,0.07,117,94,"EII","EII",88,88
"9",-48933,-49255.49,62,33,0.09,0.37,61,4,"EII","EII",99,99
"10",-48750.82,-49082.88,42,81,1.35,0.43,9,79,"EII","EII",110,110
