"","best_ll_s1","best_ll_s2","iter_best_s1","iter_best_s2","d_s1","d_s2","iter4sec_s1","iter4sec_s2","model_s1","model_s2","df_1","df_2"
"1",-1e+07,-1e+07,NA,NA,0,0,NA,NA,NA,NA,NA,NA
"2",-52263.89,-52386.97,10,175,0.02,0,9,122,"EII","EII",22,22
"3",-51512.22,-51703.89,156,3,0.24,0,139,1,"EII","EII",33,33
"4",-50777.08,-50944.28,69,38,0.03,0.01,6,23,"EII","EII",44,44
"5",-50059.03,-50387.92,80,94,0.05,0.03,41,93,"EII","EII",55,55
"6",-49745.5,-50001.41,170,127,0.2,0.01,40,34,"EII","EII",66,66
"7",-49413.59,-49716.64,23,6,0,0.26,19,2,"EII","EII",77,77
"8",-49147.56,-49467.44,24,48,0.67,0.33,1,33,"EII","EII",88,88
"9",-48932.71,-49255.46,46,149,1.41,0.42,9,134,"EII","EII",99,99
"10",-48750.3,-49082.78,99,169,0.58,0.03,73,116,"EII","EII",110,110
