"","best_ll_s1","best_ll_s2","iter_best_s1","iter_best_s2","d_s1","d_s2","iter4sec_s1","iter4sec_s2","model_s1","model_s2","df_1","df_2"
"1",-1e+07,-1e+07,NA,NA,0,0,NA,NA,NA,NA,NA,NA
"2",-52263.87,-52386.97,38,192,0.01,0,1,147,"EII","EII",22,22
"3",-51512.32,-51703.6,88,133,0.23,0.01,8,47,"EII","EII",33,33
"4",-50777.06,-50944.26,199,16,0.05,0.07,62,3,"EII","EII",44,44
"5",-50058.98,-50387.89,53,83,0.16,0.02,6,15,"EII","EII",55,55
"6",-49745.42,-50001.35,111,104,0.07,0.08,57,32,"EII","EII",66,66
"7",-49413.3,-49716.5,187,87,0.21,0.25,150,37,"EII","EII",77,77
"8",-49147.91,-49467.67,158,68,0.05,0.01,105,27,"EII","EII",88,88
"9",-48932.68,-49255.76,15,58,1.7,0.56,8,39,"EII","EII",99,99
"10",-48750.78,-49082.35,92,54,1.37,1.18,26,19,"EII","EII",110,110
