"","best_ll_s1","best_ll_s2","iter_best_s1","iter_best_s2","d_s1","d_s2","iter4sec_s1","iter4sec_s2","model_s1","model_s2","df_1","df_2"
"1",-1e+07,-1e+07,NA,NA,0,0,NA,NA,NA,NA,NA,NA
"2",-52263.87,-52386.97,33,107,0.13,0.01,21,72,"EII","EII",22,22
"3",-51512.43,-51703.51,83,129,0,0.01,83,124,"EII","EII",33,33
"4",-50777.05,-50944.34,126,41,0,0.04,130,4,"EII","EII",44,44
"5",-50059.07,-50387.88,12,2,0.01,0,5,2,"EII","EII",55,55
"6",-49745.62,-50001.21,102,200,0.1,0,69,200,"EII","EII",66,66
"7",-49413.23,-49716.41,40,108,0,0,40,108,"EII","EII",77,77
"8",-49147.53,-49467.4,63,22,0,0,63,22,"EII","EII",88,88
"9",-48933.04,-49255.65,119,187,0,0,119,187,"EII","EII",99,99
"10",-48750.69,-49083.04,76,187,0.69,0,8,187,"EII","EII",110,110
