"","best_ll_s1","best_ll_s2","iter_best_s1","iter_best_s2","d_s1","d_s2","iter4sec_s1","iter4sec_s2","model_s1","model_s2","df_1","df_2"
"1",-1e+07,-1e+07,NA,NA,0,0,NA,NA,NA,NA,NA,NA
"2",-52263.89,-52386.95,78,20,0.07,0.34,60,6,"EII","EII",22,22
"3",-51512.6,-51703.5,179,183,0.18,0.03,134,60,"EII","EII",33,33
"4",-50777.05,-50944.27,80,100,0.06,0.1,78,58,"EII","EII",44,44
"5",-50059.07,-50387.94,166,6,0.02,0,111,1,"EII","EII",55,55
"6",-49745.51,-50001.28,192,160,0.01,0.07,78,100,"EII","EII",66,66
"7",-49412.95,-49716.47,24,48,0.82,0.03,13,6,"EII","EII",77,77
"8",-49147.68,-49467.08,123,197,0.22,0.47,116,114,"EII","EII",88,88
"9",-48932.96,-49255.26,125,31,0.06,0.64,68,10,"EII","EII",99,99
"10",-48750.96,-49082.59,42,185,0.71,0.2,20,133,"EII","EII",110,110
