"","best_ll_s1","best_ll_s2","iter_best_s1","iter_best_s2","d_s1","d_s2","iter4sec_s1","iter4sec_s2","model_s1","model_s2","df_1","df_2"
"1",-1e+07,-1e+07,NA,NA,0,0,NA,NA,NA,NA,NA,NA
"2",-52264.19,-52386.99,4,75,0,0,1,72,"EII","EII",22,22
"3",-51512.66,-51703.45,28,79,0.17,0.05,3,64,"EII","EII",33,33
"4",-50777.04,-50944.3,106,104,0.09,0.02,25,84,"EII","EII",44,44
"5",-50059.07,-50387.85,44,85,0,0.05,14,80,"EII","EII",55,55
"6",-49745.5,-50001.32,36,187,0.04,0.17,9,148,"EII","EII",66,66
"7",-49413.03,-49716.4,129,58,0.48,0.43,68,55,"EII","EII",77,77
"8",-49147.81,-49467.59,30,121,0.13,0.13,1,99,"EII","EII",88,88
"9",-48933.13,-49255.75,142,147,0,0.24,64,121,"EII","EII",99,99
"10",-48750.73,-49082.61,132,175,0.04,0.68,100,122,"EII","EII",110,110
