"","best_ll_s1","best_ll_s2","iter_best_s1","iter_best_s2","d_s1","d_s2","iter4sec_s1","iter4sec_s2","model_s1","model_s2","df_1","df_2"
"1",-1e+07,-1e+07,NA,NA,0,0,NA,NA,NA,NA,NA,NA
"2",-52263.88,-52386.98,159,7,0.01,0,134,7,"EII","EII",22,22
"3",-51512.53,-51703.48,166,68,0,0,166,98,"EII","EII",33,33
"4",-50777.03,-50944.27,66,174,0.06,0.08,30,164,"EII","EII",44,44
"5",-50058.93,-50387.88,175,11,0.03,0,66,11,"EII","EII",55,55
"6",-49745.49,-50001.36,148,115,0,0,148,115,"EII","EII",66,66
"7",-49413.24,-49716.39,150,186,0,0.06,150,121,"EII","EII",77,77
"8",-49147.51,-49467.58,55,159,0.68,0.04,17,139,"EII","EII",88,88
"9",-48933.05,-49255.78,193,7,0.57,1.94,110,5,"EII","EII",99,99
"10",-48750.09,-49082.41,186,24,0,0.71,186,7,"EII","EII",110,110
