"","best_ll_s1","best_ll_s2","iter_best_s1","iter_best_s2","d_s1","d_s2","iter4sec_s1","iter4sec_s2","model_s1","model_s2","df_1","df_2"
"1",-1e+07,-1e+07,NA,NA,0,0,NA,NA,NA,NA,NA,NA
"2",-52263.88,-52386.99,141,141,0,0,141,150,"EII","EII",22,22
"3",-51512.28,-51703.46,129,103,0.38,0.1,27,17,"EII","EII",33,33
"4",-50776.97,-50944.32,121,88,0.04,0.01,88,43,"EII","EII",44,44
"5",-50058.97,-50387.89,152,125,0.04,0.01,60,19,"EII","EII",55,55
"6",-49745.24,-50001.34,12,42,0.43,0.01,126,190,"EII","EII",66,66
"7",-49413.32,-49716.49,22,122,0.26,0.22,11,102,"EII","EII",77,77
"8",-49147.69,-49467.49,92,12,0.45,0.04,56,117,"EII","EII",88,88
"9",-48933.11,-49255.4,120,18,0.01,0.34,91,52,"EII","EII",99,99
"10",-48750.4,-49082.36,15,157,1.88,0.66,13,138,"EII","EII",110,110
