"","best_ll_s1","best_ll_s2","iter_best_s1","iter_best_s2","d_s1","d_s2","iter4sec_s1","iter4sec_s2","model_s1","model_s2","df_1","df_2"
"1",-1e+07,-1e+07,NA,NA,0,0,NA,NA,NA,NA,NA,NA
"2",-52263.87,-52386.97,26,114,0.07,0.02,19,61,"EII","EII",22,22
"3",-51512.39,-51703.47,16,5,0.9,0.28,15,1,"EII","EII",33,33
"4",-50776.98,-50944.32,108,52,0.15,0.02,73,28,"EII","EII",44,44
"5",-50058.94,-50387.91,17,23,0.21,0.19,9,6,"EII","EII",55,55
"6",-49745.32,-50001.4,80,194,0.1,0.03,45,96,"EII","EII",66,66
"7",-49413.09,-49716.44,190,53,0,0,190,53,"EII","EII",77,77
"8",-49147.71,-49467.6,137,167,0.47,0.01,32,116,"EII","EII",88,88
"9",-48932.89,-49255.76,151,37,0.08,0,44,37,"EII","EII",99,99
"10",-48750.79,-49082.33,141,94,0,1.18,141,63,"EII","EII",110,110
