"","best_ll_s1","best_ll_s2","iter_best_s1","iter_best_s2","d_s1","d_s2","iter4sec_s1","iter4sec_s2","model_s1","model_s2","df_1","df_2"
"1",-1e+07,-1e+07,NA,NA,0,0,NA,NA,NA,NA,NA,NA
"2",-52263.89,-52386.98,141,171,0,0.01,13,43,"EII","EII",22,22
"3",-51512.39,-51703.52,152,199,0.13,0.06,2,144,"EII","EII",33,33
"4",-50777.12,-50944.32,96,64,0.01,0.03,15,48,"EII","EII",44,44
"5",-50059.08,-50387.81,124,114,0.02,0.09,85,55,"EII","EII",55,55
"6",-49745.26,-50001.41,23,175,0.42,0.06,16,105,"EII","EII",66,66
"7",-49413.12,-49716.67,156,188,0.29,0.12,84,104,"EII","EII",77,77
"8",-49147.62,-49467.48,22,144,0.22,0.45,21,63,"EII","EII",88,88
"9",-48932.7,-49255.56,79,33,0.16,0.66,17,15,"EII","EII",99,99
"10",-48751.08,-49083.36,111,142,0.08,0.8,4,59,"EII","EII",110,110
