"","best_ll_s1","best_ll_s2","iter_best_s1","iter_best_s2","d_s1","d_s2","iter4sec_s1","iter4sec_s2","model_s1","model_s2","df_1","df_2"
"1",-1e+07,-1e+07,NA,NA,0,0,NA,NA,NA,NA,NA,NA
"2",-52263.89,-52386.97,26,132,0.01,0.03,25,74,"EII","EII",22,22
"3",-51512.3,-51703.53,135,2,0.31,40.37,94,1,"EII","EII",33,33
"4",-50777.03,-50944.43,60,39,0.05,0,36,4,"EII","EII",44,44
"5",-50058.99,-50387.9,28,31,0.04,0.13,17,29,"EII","EII",55,55
"6",-49745.22,-50001.14,173,107,0.03,0.33,6,64,"EII","EII",66,66
"7",-49413.16,-49716.67,172,8,0.06,0.87,104,3,"EII","EII",77,77
"8",-49147.59,-49467.43,25,178,0.56,0.28,19,139,"EII","EII",88,88
"9",-48932.79,-49255.52,16,186,0.7,0.3,1,44,"EII","EII",99,99
"10",-48750.98,-49082.53,123,111,0.28,1.09,81,107,"EII","EII",110,110
