"","best_ll_s1","best_ll_s2","iter_best_s1","iter_best_s2","d_s1","d_s2","iter4sec_s1","iter4sec_s2","model_s1","model_s2","df_1","df_2"
"1",-1e+07,-1e+07,NA,NA,0,0,NA,NA,NA,NA,NA,NA
"2",-52263.89,-52386.96,103,68,0.05,0.06,25,57,"EII","EII",22,22
"3",-51512.42,-51703.54,159,1,0.1,50949000.1,103,0,"EII","EII",33,33
"4",-50777.07,-50944.34,133,94,0.02,0.03,34,2,"EII","EII",44,44
"5",-50059.01,-50387.86,77,158,0.05,0.04,75,56,"EII","EII",55,55
"6",-49745.34,-50001.31,6,65,0.4,0.12,3,16,"EII","EII",66,66
"7",-49413.14,-49716.47,123,23,0.1,0.22,51,6,"EII","EII",77,77
"8",-49148,-49467.42,162,90,0.03,0.15,104,85,"EII","EII",88,88
"9",-48933.13,-49255.93,61,93,0.32,0.44,38,87,"EII","EII",99,99
"10",-48750.91,-49082.5,81,117,0.65,0.81,38,78,"EII","EII",110,110
