"","best_ll_s1","best_ll_s2","iter_best_s1","iter_best_s2","d_s1","d_s2","iter4sec_s1","iter4sec_s2","model_s1","model_s2","df_1","df_2"
"1",-1e+07,-1e+07,NA,NA,0,0,NA,NA,NA,NA,NA,NA
"2",-52263.88,-52386.98,12,186,0.26,0.04,2,180,"EII","EII",22,22
"3",-51512.71,-51703.54,139,7,0.04,0.22,42,1,"EII","EII",33,33
"4",-50777.11,-50944.32,17,92,0.14,0.02,8,39,"EII","EII",44,44
"5",-50058.97,-50387.88,60,168,0.1,0,50,53,"EII","EII",55,55
"6",-49745.6,-50001.37,172,115,0.02,0.01,111,14,"EII","EII",66,66
"7",-49413.03,-49716.44,2,139,2.78,0.05,1,113,"EII","EII",77,77
"8",-49147.67,-49467.54,4,30,60.24,1.42,1,12,"EII","EII",88,88
"9",-48933.03,-49255.41,43,120,0.44,0.22,42,91,"EII","EII",99,99
"10",-48751.11,-49083.05,110,86,0.71,0.46,70,51,"EII","EII",110,110
