"","best_ll_s1","best_ll_s2","iter_best_s1","iter_best_s2","d_s1","d_s2","iter4sec_s1","iter4sec_s2","model_s1","model_s2","df_1","df_2"
"1",-1e+07,-1e+07,NA,NA,0,0,NA,NA,NA,NA,NA,NA
"2",-52263.87,-52386.96,20,33,0.29,0.16,19,22,"EII","EII",22,22
"3",-51512.35,-51703.43,62,172,0.06,0.11,60,103,"EII","EII",33,33
"4",-50777.02,-50944.3,82,80,0.09,0.05,57,55,"EII","EII",44,44
"5",-50059.06,-50387.87,153,132,0.02,0.04,15,94,"EII","EII",55,55
"6",-49745.39,-50001.23,16,172,0.65,0.24,10,72,"EII","EII",66,66
"7",-49413.01,-49716.51,84,97,0.04,0.16,72,27,"EII","EII",77,77
"8",-49147.55,-49467.43,101,151,0.55,0.27,83,66,"EII","EII",88,88
"9",-48932.82,-49255.9,122,113,0.47,0.08,119,107,"EII","EII",99,99
"10",-48752.31,-49082.92,190,85,0.03,0.65,4,32,"EII","EII",110,110
