"","best_ll_s1","best_ll_s2","iter_best_s1","iter_best_s2","d_s1","d_s2","iter4sec_s1","iter4sec_s2","model_s1","model_s2","df_1","df_2"
"1",-1e+07,-1e+07,NA,NA,0,0,NA,NA,NA,NA,NA,NA
"2",-52263.89,-52386.98,158,80,0,0.02,79,9,"EII","EII",22,22
"3",-51512.57,-51703.52,57,123,0.08,0.01,55,88,"EII","EII",33,33
"4",-50777.1,-50944.36,14,143,0.02,0.01,6,70,"EII","EII",44,44
"5",-50059.1,-50387.9,156,20,0,0.02,78,1,"EII","EII",55,55
"6",-49745.43,-50001.41,84,109,0.48,0.02,2,53,"EII","EII",66,66
"7",-49413.07,-49716.49,197,168,0.22,0.3,105,160,"EII","EII",77,77
"8",-49147.93,-49467.46,168,98,0.02,0.19,162,35,"EII","EII",88,88
"9",-48932.87,-49255.81,166,139,0.49,0.15,15,45,"EII","EII",99,99
"10",-48751.33,-49083.09,165,99,0.04,0.37,4,89,"EII","EII",110,110
