"","best_ll_s1","best_ll_s2","iter_best_s1","iter_best_s2","d_s1","d_s2","iter4sec_s1","iter4sec_s2","model_s1","model_s2","df_1","df_2"
"1",-1e+07,-1e+07,NA,NA,0,0,NA,NA,NA,NA,NA,NA
"2",-52263.89,-52386.97,14,161,0,0,22,163,"EII","EII",22,22
"3",-51512.43,-51703.49,97,8,0.11,0,50,8,"EII","EII",33,33
"4",-50777.11,-50944.3,94,148,0.01,0,46,148,"EII","EII",44,44
"5",-50058.97,-50387.88,165,29,0.06,0.14,34,6,"EII","EII",55,55
"6",-49745.42,-50001.4,35,52,0,0.17,35,8,"EII","EII",66,66
"7",-49413.3,-49716.47,55,14,0,0.15,71,11,"EII","EII",77,77
"8",-49147.63,-49467.42,180,124,0.22,0,89,124,"EII","EII",88,88
"9",-48932.94,-49255.85,15,177,0,0.04,15,104,"EII","EII",99,99
"10",-48751.39,-49082.53,119,131,0.18,0,114,131,"EII","EII",110,110
