"","best_ll_s1","best_ll_s2","iter_best_s1","iter_best_s2","d_s1","d_s2","iter4sec_s1","iter4sec_s2","model_s1","model_s2","df_1","df_2"
"1",-1e+07,-1e+07,NA,NA,0,0,NA,NA,NA,NA,NA,NA
"2",-52263.88,-52386.97,75,2,0.02,0.53,65,1,"EII","EII",22,22
"3",-51512.43,-51703.51,11,79,0.33,0.06,10,78,"EII","EII",33,33
"4",-50776.97,-50944.31,59,172,0.01,0.03,31,95,"EII","EII",44,44
"5",-50059.01,-50387.83,49,184,0.08,0.08,19,64,"EII","EII",55,55
"6",-49745.34,-50001.37,186,186,0.33,0.01,50,177,"EII","EII",66,66
"7",-49413.22,-49716.36,121,73,0.26,0.34,24,64,"EII","EII",77,77
"8",-49147.71,-49467.48,74,109,0.39,0.03,60,15,"EII","EII",88,88
"9",-48933.22,-49255.68,183,31,0.08,0.2,132,8,"EII","EII",99,99
"10",-48750.17,-49082.36,131,26,0.26,1.34,30,25,"EII","EII",110,110
