"","best_ll_s1","best_ll_s2","iter_best_s1","iter_best_s2","d_s1","d_s2","iter4sec_s1","iter4sec_s2","model_s1","model_s2","df_1","df_2"
"1",-1e+07,-1e+07,NA,NA,0,0,NA,NA,NA,NA,NA,NA
"2",-52263.89,-52386.97,21,59,0,0.01,21,22,"EII","EII",22,22
"3",-51512.37,-51703.46,13,196,0,0.08,13,185,"EII","EII",33,33
"4",-50777.08,-50944.31,119,87,0,0,119,87,"EII","EII",44,44
"5",-50058.96,-50387.88,83,144,0.09,0.01,16,13,"EII","EII",55,55
"6",-49745.38,-50001.23,22,69,0.8,0,9,69,"EII","EII",66,66
"7",-49413.09,-49716.47,4,103,1.11,0,3,103,"EII","EII",77,77
"8",-49147.35,-49467.55,100,180,0,0.07,100,175,"EII","EII",88,88
"9",-48932.84,-49255.34,188,29,0,0.38,188,1,"EII","EII",99,99
"10",-48751.14,-49082.74,160,196,0,0.12,160,75,"EII","EII",110,110
