"","best_ll_s1","best_ll_s2","iter_best_s1","iter_best_s2","d_s1","d_s2","iter4sec_s1","iter4sec_s2","model_s1","model_s2","df_1","df_2"
"1",-1e+07,-1e+07,NA,NA,0,0,NA,NA,NA,NA,NA,NA
"2",-52264.15,-52387.29,10,17,0.01,0,7,3,"EII","EII",22,22
"3",-51512.67,-51703.54,33,64,0.18,0,12,38,"EII","EII",33,33
"4",-50777.01,-50944.26,192,55,0,0.1,101,25,"EII","EII",44,44
"5",-50058.95,-50387.87,194,122,0.04,0.01,96,7,"EII","EII",55,55
"6",-49745.49,-50001.29,17,122,0.46,0.07,3,116,"EII","EII",66,66
"7",-49413.27,-49716.5,10,149,1.6,0.04,3,6,"EII","EII",77,77
"8",-49147.73,-49467.45,65,119,0.15,0.07,46,65,"EII","EII",88,88
"9",-48933.15,-49255.69,44,5,0.08,30.69,43,2,"EII","EII",99,99
"10",-48750.51,-49083.24,101,60,1.51,0.31,92,2,"EII","EII",110,110
