"","best_ll_s1","best_ll_s2","iter_best_s1","iter_best_s2","d_s1","d_s2","iter4sec_s1","iter4sec_s2","model_s1","model_s2","df_1","df_2"
"1",-1e+07,-1e+07,NA,NA,0,0,NA,NA,NA,NA,NA,NA
"2",-52263.87,-52386.99,104,140,0,0.02,34,29,"EII","EII",22,22
"3",-51512.6,-51703.49,21,109,0.26,0.05,11,87,"EII","EII",33,33
"4",-50777.03,-50944.28,130,97,0.07,0.1,43,45,"EII","EII",44,44
"5",-50059.6,-50387.92,2,61,0,0,1,16,"EII","EII",55,55
"6",-49745.31,-50001.28,107,39,0.37,0.05,92,5,"EII","EII",66,66
"7",-49413.2,-49716.41,7,199,0.92,0.05,3,175,"EII","EII",77,77
"8",-49147.57,-49467.56,150,148,0.35,0.02,95,49,"EII","EII",88,88
"9",-48932.84,-49255.41,50,92,0.72,0.45,23,69,"EII","EII",99,99
"10",-48750.25,-49082.52,148,165,0.37,0.03,7,135,"EII","EII",110,110
