"","best_ll_s1","best_ll_s2","iter_best_s1","iter_best_s2","d_s1","d_s2","iter4sec_s1","iter4sec_s2","model_s1","model_s2","df_1","df_2"
"1",-1e+07,-1e+07,NA,NA,0,0,NA,NA,NA,NA,NA,NA
"2",-52263.87,-52386.97,36,38,0.07,0.01,18,28,"EII","EII",22,22
"3",-51512.49,-51703.46,138,164,0.01,0.07,26,67,"EII","EII",33,33
"4",-50777.03,-50944.28,123,36,0.1,0.01,58,25,"EII","EII",44,44
"5",-50059.07,-50387.88,194,19,0,0.01,97,4,"EII","EII",55,55
"6",-49745.23,-50001.28,16,173,0.42,0.08,5,6,"EII","EII",66,66
"7",-49413.21,-49716.29,69,48,0.02,0.33,30,36,"EII","EII",77,77
"8",-49147.47,-49467.74,87,200,0.43,0.02,79,151,"EII","EII",88,88
"9",-48932.93,-49255.84,175,192,0.21,0.19,60,41,"EII","EII",99,99
"10",-48751.19,-49082.8,128,13,0.03,1.17,31,4,"EII","EII",110,110
