"","best_ll_s1","best_ll_s2","iter_best_s1","iter_best_s2","d_s1","d_s2","iter4sec_s1","iter4sec_s2","model_s1","model_s2","df_1","df_2"
"1",-1e+07,-1e+07,NA,NA,0,0,NA,NA,NA,NA,NA,NA
"2",-52263.89,-52386.98,28,180,0,0.01,28,17,"EII","EII",22,22
"3",-51512.72,-51703.51,189,130,0.01,0,109,130,"EII","EII",33,33
"4",-50777.06,-50944.35,101,145,0.02,0,89,18,"EII","EII",44,44
"5",-50059,-50387.9,29,117,0.12,0,20,117,"EII","EII",55,55
"6",-49745.31,-50001.34,182,38,0.19,0,49,38,"EII","EII",66,66
"7",-49413.25,-49716.43,129,32,0,0.46,129,19,"EII","EII",77,77
"8",-49148.05,-49467.36,40,180,0,0,40,180,"EII","EII",88,88
"9",-48933.09,-49255.67,177,63,0,0,177,63,"EII","EII",99,99
"10",-48751.08,-49083.14,9,151,1.39,0,4,151,"EII","EII",110,110
