"","best_ll_s1","best_ll_s2","iter_best_s1","iter_best_s2","d_s1","d_s2","iter4sec_s1","iter4sec_s2","model_s1","model_s2","df_1","df_2"
"1",-1e+07,-1e+07,NA,NA,0,0,NA,NA,NA,NA,NA,NA
"2",-52263.87,-52386.97,69,175,0.02,0,26,60,"EII","EII",22,22
"3",-51512.67,-51703.49,45,6,0.24,40.18,3,5,"EII","EII",33,33
"4",-50777.11,-50944.31,90,23,0,0,37,7,"EII","EII",44,44
"5",-50059.05,-50387.86,106,138,0.05,0.02,93,117,"EII","EII",55,55
"6",-49745.31,-50001.25,184,129,0.12,0.09,75,94,"EII","EII",66,66
"7",-49413.03,-49716.49,43,40,0.55,0.57,14,20,"EII","EII",77,77
"8",-49147.7,-49467.45,21,186,0.55,0.42,8,170,"EII","EII",88,88
"9",-48933.06,-49255.87,101,127,0.13,0.15,59,84,"EII","EII",99,99
"10",-48750.83,-49083.07,190,124,0.25,0.23,45,35,"EII","EII",110,110
