"","best_ll_s1","best_ll_s2","iter_best_s1","iter_best_s2","d_s1","d_s2","iter4sec_s1","iter4sec_s2","model_s1","model_s2","df_1","df_2"
"1",-1e+07,-1e+07,NA,NA,0,0,NA,NA,NA,NA,NA,NA
"2",-52263.87,-52386.97,142,51,0,0,142,51,"EII","EII",22,22
"3",-51512.42,-51703.5,132,182,0.29,0.03,101,10,"EII","EII",33,33
"4",-50777.06,-50944.32,115,53,0,0,112,53,"EII","EII",44,44
"5",-50059.03,-50387.88,12,92,0,0.02,12,19,"EII","EII",55,55
"6",-49745.34,-50001.23,182,30,0,0,182,30,"EII","EII",66,66
"7",-49412.87,-49716.46,86,58,0,0.32,86,42,"EII","EII",77,77
"8",-49147.94,-49467.61,179,65,0,0,179,65,"EII","EII",88,88
"9",-48932.71,-49255.51,29,185,0,0.11,29,86,"EII","EII",99,99
"10",-48751.33,-49082.64,147,70,0.19,0.91,91,67,"EII","EII",110,110
