"","best_ll_s1","best_ll_s2","iter_best_s1","iter_best_s2","d_s1","d_s2","iter4sec_s1","iter4sec_s2","model_s1","model_s2","df_1","df_2"
"1",-1e+07,-1e+07,NA,NA,0,0,NA,NA,NA,NA,NA,NA
"2",-52263.89,-52386.96,190,167,0.08,0.02,86,92,"EII","EII",22,22
"3",-51512.58,-51703.47,74,68,0.01,0.06,15,55,"EII","EII",33,33
"4",-50777.06,-50944.32,73,63,0.06,0.02,15,26,"EII","EII",44,44
"5",-50059.08,-50387.83,83,153,0.01,0.05,16,145,"EII","EII",55,55
"6",-49745.37,-50001.34,136,48,0.42,0.18,52,37,"EII","EII",66,66
"7",-49413.07,-49716.52,66,135,0.13,0.19,35,104,"EII","EII",77,77
"8",-49147.58,-49467.39,85,114,0.05,0.19,10,26,"EII","EII",88,88
"9",-48932.93,-49255.71,98,108,0.24,0.1,21,97,"EII","EII",99,99
"10",-48750.78,-49082.53,44,178,2,0.78,31,92,"EII","EII",110,110
