"","best_ll_s1","best_ll_s2","iter_best_s1","iter_best_s2","d_s1","d_s2","iter4sec_s1","iter4sec_s2","model_s1","model_s2","df_1","df_2"
"1",-1e+07,-1e+07,NA,NA,0,0,NA,NA,NA,NA,NA,NA
"2",-52263.88,-52386.97,171,105,0.02,0.01,127,39,"EII","EII",22,22
"3",-51512.62,-51703.5,32,111,0.07,0.02,13,83,"EII","EII",33,33
"4",-50777.11,-50944.3,152,14,0,0.26,68,10,"EII","EII",44,44
"5",-50058.91,-50387.84,102,139,0.18,0.07,92,82,"EII","EII",55,55
"6",-49745.27,-50001.35,162,8,0.23,0.45,100,4,"EII","EII",66,66
"7",-49413.11,-49716.55,147,78,0.16,0.17,94,28,"EII","EII",77,77
"8",-49147.58,-49467.55,69,34,0.14,0.23,10,12,"EII","EII",88,88
"9",-48933.01,-49255.74,46,61,0.45,0.26,13,52,"EII","EII",99,99
"10",-48750.22,-49082.37,85,158,1,0.02,23,13,"EII","EII",110,110
