"","best_ll_s1","best_ll_s2","iter_best_s1","iter_best_s2","d_s1","d_s2","iter4sec_s1","iter4sec_s2","model_s1","model_s2","df_1","df_2"
"1",-1e+07,-1e+07,NA,NA,0,0,NA,NA,NA,NA,NA,NA
"2",-52263.89,-52386.97,78,103,0,0,10,51,"EII","EII",22,22
"3",-51512.77,-51703.49,19,65,0,0.09,15,56,"EII","EII",33,33
"4",-50776.98,-50944.24,133,159,0.06,0.1,46,96,"EII","EII",44,44
"5",-50058.94,-50387.85,80,19,0.09,0.09,10,18,"EII","EII",55,55
"6",-49745.62,-50001.2,11,143,0.17,0.15,7,35,"EII","EII",66,66
"7",-49413.42,-49716.67,58,56,0.17,0.14,12,24,"EII","EII",77,77
"8",-49147.53,-49467.54,108,59,0.44,0.17,87,6,"EII","EII",88,88
"9",-48932.62,-49255.54,114,179,0.65,0.03,33,154,"EII","EII",99,99
"10",-48750.49,-49083.12,168,173,0.25,0.56,82,18,"EII","EII",110,110
