"","best_ll_s1","best_ll_s2","iter_best_s1","iter_best_s2","d_s1","d_s2","iter4sec_s1","iter4sec_s2","model_s1","model_s2","df_1","df_2"
"1",-1e+07,-1e+07,NA,NA,0,0,NA,NA,NA,NA,NA,NA
"2",-52263.89,-52386.95,132,72,0,0.13,126,30,"EII","EII",22,22
"3",-51512.54,-51703.48,187,152,0.09,0.02,29,139,"EII","EII",33,33
"4",-50777.04,-50944.29,42,57,0.07,0.06,32,33,"EII","EII",44,44
"5",-50059.01,-50387.84,107,35,0.02,0.06,82,27,"EII","EII",55,55
"6",-49745.35,-50001.27,15,183,0.94,0.03,10,10,"EII","EII",66,66
"7",-49413.19,-49716.42,98,111,0.46,0.14,36,21,"EII","EII",77,77
"8",-49147.67,-49467.32,185,11,0.05,52.15,30,2,"EII","EII",88,88
"9",-48932.74,-49255.58,31,81,0.57,0.78,19,58,"EII","EII",99,99
"10",-48751.1,-49083.17,128,75,0.28,0.79,84,23,"EII","EII",110,110
