"","best_ll_s1","best_ll_s2","iter_best_s1","iter_best_s2","d_s1","d_s2","iter4sec_s1","iter4sec_s2","model_s1","model_s2","df_1","df_2"
"1",-1e+07,-1e+07,NA,NA,0,0,NA,NA,NA,NA,NA,NA
"2",-52263.89,-52386.97,65,38,0.01,0.02,64,15,"EII","EII",22,22
"3",-51512.46,-51703.49,25,157,0.24,0.05,9,91,"EII","EII",33,33
"4",-50777.04,-50944.3,44,179,0.02,0.03,12,59,"EII","EII",44,44
"5",-50058.96,-50387.83,15,179,0.1,0.05,10,42,"EII","EII",55,55
"6",-49745.25,-50001.36,179,69,0.04,0.12,162,55,"EII","EII",66,66
"7",-49413.04,-49716.43,64,119,0.06,0.26,22,55,"EII","EII",77,77
"8",-49147.35,-49467.55,124,127,0.18,0,37,114,"EII","EII",88,88
"9",-48933.03,-49255.72,11,151,1.97,0.17,6,97,"EII","EII",99,99
"10",-48750.54,-49082.4,24,200,0.97,0.31,13,5,"EII","EII",110,110
