"","best_ll_s1","best_ll_s2","iter_best_s1","iter_best_s2","d_s1","d_s2","iter4sec_s1","iter4sec_s2","model_s1","model_s2","df_1","df_2"
"1",-1e+07,-1e+07,NA,NA,0,0,NA,NA,NA,NA,NA,NA
"2",-52263.89,-52386.97,16,161,0.25,0,7,24,"EII","EII",22,22
"3",-51512.44,-51703.5,120,183,0.13,0.02,17,123,"EII","EII",33,33
"4",-50776.96,-50944.32,3,33,1.01,0.03,1,32,"EII","EII",44,44
"5",-50058.98,-50387.89,118,60,0.04,0,30,15,"EII","EII",55,55
"6",-49745.25,-50001.31,182,105,0.25,0.08,96,19,"EII","EII",66,66
"7",-49412.96,-49716.56,170,91,0.13,0.05,148,55,"EII","EII",77,77
"8",-49147.49,-49467.43,7,113,0.01,0.06,125,1,"EII","EII",88,88
"9",-48932.65,-49255.71,136,53,0.71,0.13,48,31,"EII","EII",99,99
"10",-48750.65,-49082.82,42,106,0.15,0.07,51,53,"EII","EII",110,110
