"","best_ll_s1","best_ll_s2","iter_best_s1","iter_best_s2","d_s1","d_s2","iter4sec_s1","iter4sec_s2","model_s1","model_s2","df_1","df_2"
"1",-1e+07,-1e+07,NA,NA,0,0,NA,NA,NA,NA,NA,NA
"2",-52263.87,-52386.98,103,196,0.05,0.05,95,56,"EII","EII",22,22
"3",-51512.47,-51703.54,153,87,0.28,0.04,127,50,"EII","EII",33,33
"4",-50777.1,-50944.34,104,138,0.02,0.01,33,113,"EII","EII",44,44
"5",-50058.98,-50387.89,144,23,0,0.11,112,3,"EII","EII",55,55
"6",-49745.47,-50001.34,85,43,0.34,0.17,17,13,"EII","EII",66,66
"7",-49413.35,-49716.53,24,58,0.16,0.15,13,45,"EII","EII",77,77
"8",-49147.57,-49467.45,36,33,0.48,0.31,34,24,"EII","EII",88,88
"9",-48932.75,-49255.48,167,28,0.39,0.78,51,8,"EII","EII",99,99
"10",-48750.81,-49082.54,194,85,0.14,1.58,139,21,"EII","EII",110,110
