"","best_ll_s1","best_ll_s2","iter_best_s1","iter_best_s2","d_s1","d_s2","iter4sec_s1","iter4sec_s2","model_s1","model_s2","df_1","df_2"
"1",-1e+07,-1e+07,NA,NA,0,0,NA,NA,NA,NA,NA,NA
"2",-52263.88,-52387.29,52,2,0,0,14,1,"EII","EII",22,22
"3",-51512.53,-51703.53,198,55,0.13,0.07,117,1,"EII","EII",33,33
"4",-50776.97,-50944.27,156,113,0.07,0.02,9,20,"EII","EII",44,44
"5",-50058.98,-50387.92,19,70,0.12,0,3,40,"EII","EII",55,55
"6",-49745.42,-50001.39,186,178,0.11,0,5,16,"EII","EII",66,66
"7",-49413.31,-49716.48,76,42,0.03,0.2,27,19,"EII","EII",77,77
"8",-49147.8,-49467.41,140,182,0.04,0.19,117,79,"EII","EII",88,88
"9",-48932.83,-49255.41,128,99,0.34,0.42,97,49,"EII","EII",99,99
"10",-48751.09,-49082.45,161,34,0.32,21.09,20,11,"EII","EII",110,110
