"","best_ll_s1","best_ll_s2","iter_best_s1","iter_best_s2","d_s1","d_s2","iter4sec_s1","iter4sec_s2","model_s1","model_s2","df_1","df_2"
"1",-1e+07,-1e+07,NA,NA,0,0,NA,NA,NA,NA,NA,NA
"2",-52263.87,-52387.04,46,172,0.14,0,41,172,"EII","EII",22,22
"3",-51512.46,-51703.54,61,123,0,0,61,110,"EII","EII",33,33
"4",-50777.12,-50944.34,89,129,0.01,0.01,40,124,"EII","EII",44,44
"5",-50058.98,-50387.89,7,2,0.67,0,6,2,"EII","EII",55,55
"6",-49745.47,-50001.18,30,170,0,0,30,170,"EII","EII",66,66
"7",-49413.16,-49716.42,131,61,0.02,0.19,71,12,"EII","EII",77,77
"8",-49147.6,-49467.44,66,52,0,0.21,66,28,"EII","EII",88,88
"9",-48933.26,-49255.78,24,161,0,0.04,24,137,"EII","EII",99,99
"10",-48750.42,-49083,63,35,0.21,0,24,35,"EII","EII",110,110
