"","best_ll_s1","best_ll_s2","iter_best_s1","iter_best_s2","d_s1","d_s2","iter4sec_s1","iter4sec_s2","model_s1","model_s2","df_1","df_2"
"1",-1e+07,-1e+07,NA,NA,0,0,NA,NA,NA,NA,NA,NA
"2",-52263.87,-52386.98,149,45,0.01,0.04,80,17,"EII","EII",22,22
"3",-51512.66,-51703.52,119,191,0.08,0,27,173,"EII","EII",33,33
"4",-50777.12,-50944.36,159,127,0.01,0.01,140,10,"EII","EII",44,44
"5",-50058.91,-50387.89,25,52,0.26,0.03,19,8,"EII","EII",55,55
"6",-49745.6,-50001.27,74,76,0.01,0.13,19,35,"EII","EII",66,66
"7",-49413.39,-49716.68,58,76,0.11,0.09,56,40,"EII","EII",77,77
"8",-49147.76,-49467.52,55,123,0.04,0.04,54,18,"EII","EII",88,88
"9",-48932.96,-49255.45,111,136,0.33,0.13,110,36,"EII","EII",99,99
"10",-48750.4,-49082.29,160,162,0.91,0.5,83,61,"EII","EII",110,110
