"","best_ll_s1","best_ll_s2","iter_best_s1","iter_best_s2","d_s1","d_s2","iter4sec_s1","iter4sec_s2","model_s1","model_s2","df_1","df_2"
"1",-1e+07,-1e+07,NA,NA,0,0,NA,NA,NA,NA,NA,NA
"2",-52263.89,-52386.98,172,125,0.01,0,19,35,"EII","EII",22,22
"3",-51512.46,-51703.55,160,108,0,0,160,108,"EII","EII",33,33
"4",-50777.05,-50944.35,146,114,0.03,0.01,17,48,"EII","EII",44,44
"5",-50059.01,-50387.89,194,40,0,0.04,194,8,"EII","EII",55,55
"6",-49745.39,-50001.28,17,153,0,0,17,153,"EII","EII",66,66
"7",-49413.19,-49716.45,126,46,0,0,126,46,"EII","EII",77,77
"8",-49147.54,-49467.32,178,109,0.34,0,137,109,"EII","EII",88,88
"9",-48932.85,-49255.67,57,109,0.57,0.24,8,53,"EII","EII",99,99
"10",-48750.82,-49082.56,25,143,0,0,25,143,"EII","EII",110,110
