"","best_ll_s1","best_ll_s2","iter_best_s1","iter_best_s2","d_s1","d_s2","iter4sec_s1","iter4sec_s2","model_s1","model_s2","df_1","df_2"
"1",-1e+07,-1e+07,NA,NA,0,0,NA,NA,NA,NA,NA,NA
"2",-52263.87,-52386.96,25,91,0.23,0,11,91,"EII","EII",22,22
"3",-51512.47,-51703.53,152,23,0.23,0,2,23,"EII","EII",33,33
"4",-50777.07,-50944.37,17,176,0,0,29,144,"EII","EII",44,44
"5",-50058.96,-50387.8,193,159,0.04,0,62,186,"EII","EII",55,55
"6",-49745.26,-50001.42,72,123,0,0.1,72,78,"EII","EII",66,66
"7",-49413.2,-49716.5,29,28,0,0.21,29,7,"EII","EII",77,77
"8",-49147.74,-49467.58,50,65,0.2,0.02,28,64,"EII","EII",88,88
"9",-48933,-49255.68,171,66,0.14,0.2,122,52,"EII","EII",99,99
"10",-48750.52,-49082.77,137,95,0,0,137,95,"EII","EII",110,110
