"","best_ll_s1","best_ll_s2","iter_best_s1","iter_best_s2","d_s1","d_s2","iter4sec_s1","iter4sec_s2","model_s1","model_s2","df_1","df_2"
"1",-1e+07,-1e+07,NA,NA,0,0,NA,NA,NA,NA,NA,NA
"2",-52263.87,-52386.97,173,128,0.02,0.05,7,10,"EII","EII",22,22
"3",-51512.59,-51703.46,111,107,0.02,0.08,44,91,"EII","EII",33,33
"4",-50777.21,-50944.35,39,77,0,0.03,16,30,"EII","EII",44,44
"5",-50059.05,-50387.89,176,88,0,0.05,144,27,"EII","EII",55,55
"6",-49745.47,-50001.27,66,43,0.38,0.18,54,2,"EII","EII",66,66
"7",-49412.97,-49716.61,182,128,0.33,0.01,160,81,"EII","EII",77,77
"8",-49147.6,-49467.56,73,91,0.51,0.46,18,53,"EII","EII",88,88
"9",-48933.02,-49255.66,94,165,0.04,0.15,33,31,"EII","EII",99,99
"10",-48750.12,-49083.27,55,106,1.83,0.17,34,42,"EII","EII",110,110
