"","best_ll_s1","best_ll_s2","iter_best_s1","iter_best_s2","d_s1","d_s2","iter4sec_s1","iter4sec_s2","model_s1","model_s2","df_1","df_2"
"1",-1e+07,-1e+07,NA,NA,0,0,NA,NA,NA,NA,NA,NA
"2",-52263.87,-52387.01,113,155,0.01,0,11,43,"EII","EII",22,22
"3",-51512.62,-51703.54,75,3,0.03,0.15,57,1,"EII","EII",33,33
"4",-50777.03,-50944.28,174,95,0.08,0.07,91,70,"EII","EII",44,44
"5",-50059.01,-50387.89,61,28,0.1,0.06,57,13,"EII","EII",55,55
"6",-49745.64,-50001.37,175,128,0.06,0.06,139,99,"EII","EII",66,66
"7",-49413.18,-49716.5,75,65,0.01,0.21,53,15,"EII","EII",77,77
"8",-49148.38,-49467.53,19,42,0,0.17,3,33,"EII","EII",88,88
"9",-48932.62,-49255.64,49,90,0.92,0.38,7,33,"EII","EII",99,99
"10",-48750.06,-49083.21,34,75,1.03,0.36,18,28,"EII","EII",110,110
