"","best_ll_s1","best_ll_s2","iter_best_s1","iter_best_s2","d_s1","d_s2","iter4sec_s1","iter4sec_s2","model_s1","model_s2","df_1","df_2"
"1",-1e+07,-1e+07,NA,NA,0,0,NA,NA,NA,NA,NA,NA
"2",-52263.91,-52386.97,186,78,0,0.15,116,17,"EII","EII",22,22
"3",-51512.38,-51703.5,109,171,0.1,0,100,174,"EII","EII",33,33
"4",-50776.94,-50944.27,115,109,0.02,0,48,109,"EII","EII",44,44
"5",-50059.04,-50387.85,50,113,0.05,0.05,44,20,"EII","EII",55,55
"6",-49745.31,-50001.26,121,128,0,0.13,121,14,"EII","EII",66,66
"7",-49413.2,-49716.56,28,195,0.21,0,6,195,"EII","EII",77,77
"8",-49147.81,-49467.58,63,99,0,0,63,99,"EII","EII",88,88
"9",-48933.35,-49255.8,33,89,0,0.28,33,82,"EII","EII",99,99
"10",-48751.57,-49082.44,110,99,0,0.84,110,89,"EII","EII",110,110
