"","best_ll_s1","best_ll_s2","iter_best_s1","iter_best_s2","d_s1","d_s2","iter4sec_s1","iter4sec_s2","model_s1","model_s2","df_1","df_2"
"1",-1e+07,-1e+07,NA,NA,0,0,NA,NA,NA,NA,NA,NA
"2",-52263.86,-52386.97,175,177,0.04,0.05,59,128,"EII","EII",22,22
"3",-51512.5,-51703.46,96,130,0.32,0.09,7,43,"EII","EII",33,33
"4",-50776.97,-50944.29,44,171,0.25,0.06,15,162,"EII","EII",44,44
"5",-50058.99,-50387.88,200,115,0.06,0.01,114,67,"EII","EII",55,55
"6",-49745.36,-50001.14,200,162,0.2,0.17,25,120,"EII","EII",66,66
"7",-49412.78,-49716.63,156,121,0.58,0.11,125,35,"EII","EII",77,77
"8",-49147.93,-49467.73,34,27,0.57,0.59,17,11,"EII","EII",88,88
"9",-48932.77,-49255.88,66,43,0.5,0.57,8,40,"EII","EII",99,99
"10",-48749.92,-49082.46,50,168,1.21,0.52,31,29,"EII","EII",110,110
