"","best_ll_s1","best_ll_s2","iter_best_s1","iter_best_s2","d_s1","d_s2","iter4sec_s1","iter4sec_s2","model_s1","model_s2","df_1","df_2"
"1",-1e+07,-1e+07,NA,NA,0,0,NA,NA,NA,NA,NA,NA
"2",-52263.9,-52386.95,166,153,0,0.01,50,140,"EII","EII",22,22
"3",-51512.27,-51703.51,190,152,0.28,0,127,42,"EII","EII",33,33
"4",-50777.01,-50944.29,156,45,0.06,0.07,107,12,"EII","EII",44,44
"5",-50058.96,-50387.86,51,178,0.07,0.03,104,11,"EII","EII",55,55
"6",-49745.25,-50001.33,45,40,0.22,0.03,16,16,"EII","EII",66,66
"7",-49413.04,-49716.7,84,112,0.19,0,13,99,"EII","EII",77,77
"8",-49147.63,-49467.56,36,140,0.05,0.07,15,154,"EII","EII",88,88
"9",-48932.9,-49255.41,156,57,0.35,0.32,9,158,"EII","EII",99,99
"10",-48750.03,-49082.67,169,142,1.03,0.18,111,8,"EII","EII",110,110
