"","best_ll_s1","best_ll_s2","iter_best_s1","iter_best_s2","d_s1","d_s2","iter4sec_s1","iter4sec_s2","model_s1","model_s2","df_1","df_2"
"1",-1e+07,-1e+07,NA,NA,0,0,NA,NA,NA,NA,NA,NA
"2",-52263.88,-52387.01,132,104,0,0.06,104,45,"EII","EII",22,22
"3",-51512.48,-51703.54,143,50,0.05,0.06,10,17,"EII","EII",33,33
"4",-50777.11,-50944.37,111,12,0,0.12,103,11,"EII","EII",44,44
"5",-50058.96,-50387.89,124,14,0.12,0.05,123,9,"EII","EII",55,55
"6",-49745.34,-50001.36,15,61,0.38,0.24,4,49,"EII","EII",66,66
"7",-49413.42,-49716.58,37,51,0.03,0.1,16,23,"EII","EII",77,77
"8",-49147.74,-49467.33,153,17,0.02,0.9,110,15,"EII","EII",88,88
"9",-48932.48,-49255.75,167,122,0.24,0.17,122,4,"EII","EII",99,99
"10",-48750.57,-49082.62,48,137,0.09,0.63,4,98,"EII","EII",110,110
