"","best_ll_s1","best_ll_s2","iter_best_s1","iter_best_s2","d_s1","d_s2","iter4sec_s1","iter4sec_s2","model_s1","model_s2","df_1","df_2"
"1",-1e+07,-1e+07,NA,NA,0,0,NA,NA,NA,NA,NA,NA
"2",-52263.89,-52387.01,35,187,0.03,0.03,22,169,"EII","EII",22,22
"3",-51512.38,-51703.52,109,107,0.27,0,107,94,"EII","EII",33,33
"4",-50776.97,-50944.34,23,51,0.24,0.01,7,16,"EII","EII",44,44
"5",-50058.98,-50387.91,34,175,0.17,0,10,117,"EII","EII",55,55
"6",-49745.44,-50001.22,140,47,0.02,0.14,21,41,"EII","EII",66,66
"7",-49412.99,-49716.49,125,43,0.31,0.2,56,28,"EII","EII",77,77
"8",-49147.91,-49467.56,88,69,0.07,0.13,86,37,"EII","EII",88,88
"9",-48933.17,-49255.71,85,67,0.45,0.53,50,12,"EII","EII",99,99
"10",-48751,-49083.57,55,103,0.55,0,46,44,"EII","EII",110,110
