"","best_ll_s1","best_ll_s2","iter_best_s1","iter_best_s2","d_s1","d_s2","iter4sec_s1","iter4sec_s2","model_s1","model_s2","df_1","df_2"
"1",-1e+07,-1e+07,NA,NA,0,0,NA,NA,NA,NA,NA,NA
"2",-52263.88,-52387.2,71,22,0.05,0,65,10,"EII","EII",22,22
"3",-51512.51,-51703.49,154,185,0.12,0.07,5,76,"EII","EII",33,33
"4",-50777.11,-50944.31,52,190,0.01,0.02,46,41,"EII","EII",44,44
"5",-50058.98,-50387.89,161,33,0.06,0.1,14,9,"EII","EII",55,55
"6",-49745.51,-50001.22,163,71,0.02,0.12,64,6,"EII","EII",66,66
"7",-49413.22,-49716.55,20,145,0.47,0.19,5,14,"EII","EII",77,77
"8",-49147.93,-49467.51,3,144,1.02,0.18,1,65,"EII","EII",88,88
"9",-48932.56,-49256.6,193,40,0.26,0,83,18,"EII","EII",99,99
"10",-48750.75,-49082.45,193,49,0.36,1.45,98,32,"EII","EII",110,110
