"","best_ll_s1","best_ll_s2","iter_best_s1","iter_best_s2","d_s1","d_s2","iter4sec_s1","iter4sec_s2","model_s1","model_s2","df_1","df_2"
"1",-1e+07,-1e+07,NA,NA,0,0,NA,NA,NA,NA,NA,NA
"2",-52263.88,-52386.97,98,113,0,0,98,113,"EII","EII",22,22
"3",-51512.66,-51703.48,81,59,0.14,0.11,74,27,"EII","EII",33,33
"4",-50777.14,-50944.23,67,166,0,0,15,166,"EII","EII",44,44
"5",-50059.09,-50387.84,74,11,0.04,0.08,23,10,"EII","EII",55,55
"6",-49745.57,-50001.42,84,121,0.18,0,36,121,"EII","EII",66,66
"7",-49413.06,-49716.72,147,20,0,0.41,147,2,"EII","EII",77,77
"8",-49147.52,-49467.6,188,87,0,0,188,87,"EII","EII",88,88
"9",-48933.33,-49255.36,156,149,0,0.08,156,45,"EII","EII",99,99
"10",-48750.14,-49082.65,66,199,0,0.35,66,71,"EII","EII",110,110
