"","best_ll_s1","best_ll_s2","iter_best_s1","iter_best_s2","d_s1","d_s2","iter4sec_s1","iter4sec_s2","model_s1","model_s2","df_1","df_2"
"1",-1e+07,-1e+07,NA,NA,0,0,NA,NA,NA,NA,NA,NA
"2",-52263.87,-52386.96,133,11,0.01,0,58,11,"EII","EII",22,22
"3",-51512.45,-51703.5,88,39,0.06,0.07,64,5,"EII","EII",33,33
"4",-50777.13,-50944.26,56,149,0.02,0.09,18,100,"EII","EII",44,44
"5",-50058.98,-50387.83,119,13,0.06,0,115,13,"EII","EII",55,55
"6",-49745.59,-50001.36,63,36,0,0,63,36,"EII","EII",66,66
"7",-49412.94,-49716.38,60,193,0,0.16,60,178,"EII","EII",77,77
"8",-49147.52,-49467.63,172,55,0,0,172,55,"EII","EII",88,88
"9",-48932.94,-49255.36,4,126,0,0,4,126,"EII","EII",99,99
"10",-48750.36,-49082.72,155,177,0.82,0,21,177,"EII","EII",110,110
