"","best_ll_s1","best_ll_s2","iter_best_s1","iter_best_s2","d_s1","d_s2","iter4sec_s1","iter4sec_s2","model_s1","model_s2","df_1","df_2"
"1",-1e+07,-1e+07,NA,NA,0,0,NA,NA,NA,NA,NA,NA
"2",-52263.87,-52386.98,14,39,0.28,0.18,10,36,"EII","EII",22,22
"3",-51512.28,-51703.49,191,43,0.27,0.08,92,33,"EII","EII",33,33
"4",-50777.06,-50944.26,28,118,0.25,0.12,18,107,"EII","EII",44,44
"5",-50059.01,-50387.91,128,107,0.04,0.03,50,86,"EII","EII",55,55
"6",-49745.3,-50001.3,125,70,0.4,0.27,37,42,"EII","EII",66,66
"7",-49413.32,-49716.51,38,117,0.19,0.11,4,57,"EII","EII",77,77
"8",-49147.61,-49467.65,74,85,0.17,0.1,45,5,"EII","EII",88,88
"9",-48932.75,-49255.71,94,160,0.25,0.08,75,149,"EII","EII",99,99
"10",-48750.86,-49082.55,107,152,0.15,0.71,87,14,"EII","EII",110,110
