"","best_ll_s1","best_ll_s2","iter_best_s1","iter_best_s2","d_s1","d_s2","iter4sec_s1","iter4sec_s2","model_s1","model_s2","df_1","df_2"
"1",-1e+07,-1e+07,NA,NA,0,0,NA,NA,NA,NA,NA,NA
"2",-52263.88,-52387.01,14,94,0.06,0,8,76,"EII","EII",22,22
"3",-51512.7,-51703.52,55,7,0.08,0.02,54,5,"EII","EII",33,33
"4",-50777.03,-50944.35,133,74,0.02,0,55,27,"EII","EII",44,44
"5",-50059.08,-50387.89,107,199,0.02,0.03,70,42,"EII","EII",55,55
"6",-49745.42,-50001.36,72,33,0.43,0.19,35,10,"EII","EII",66,66
"7",-49413.14,-49716.48,72,135,0.06,0.01,38,26,"EII","EII",77,77
"8",-49148.11,-49467.45,97,157,0,0.26,15,21,"EII","EII",88,88
"9",-48933.16,-49255.73,187,87,0.16,0.08,113,70,"EII","EII",99,99
"10",-48750.31,-49082.83,35,106,0.29,0.52,15,64,"EII","EII",110,110
