"","best_ll_s1","best_ll_s2","iter_best_s1","iter_best_s2","d_s1","d_s2","iter4sec_s1","iter4sec_s2","model_s1","model_s2","df_1","df_2"
"1",-1e+07,-1e+07,NA,NA,0,0,NA,NA,NA,NA,NA,NA
"2",-52263.89,-52386.97,145,87,0,0,145,87,"EII","EII",22,22
"3",-51512.43,-51703.47,144,135,0.24,0.06,46,69,"EII","EII",33,33
"4",-50777.12,-50944.27,144,162,0.01,0.09,58,136,"EII","EII",44,44
"5",-50058.96,-50387.83,68,179,0,0.06,68,46,"EII","EII",55,55
"6",-49745.39,-50001.24,160,179,0,0.14,160,91,"EII","EII",66,66
"7",-49413.32,-49716.6,109,165,0,0,109,165,"EII","EII",77,77
"8",-49147.71,-49467.49,76,121,0.15,0,37,121,"EII","EII",88,88
"9",-48933.08,-49255.41,75,13,0,0.21,75,1,"EII","EII",99,99
"10",-48750.23,-49083.35,171,134,1.51,0,55,134,"EII","EII",110,110
