"","best_ll_s1","best_ll_s2","iter_best_s1","iter_best_s2","d_s1","d_s2","iter4sec_s1","iter4sec_s2","model_s1","model_s2","df_1","df_2"
"1",-1e+07,-1e+07,NA,NA,0,0,NA,NA,NA,NA,NA,NA
"2",-52263.87,-52387,23,114,0.05,0.02,4,38,"EII","EII",22,22
"3",-51512.41,-51703.5,70,166,0.32,0.08,56,52,"EII","EII",33,33
"4",-50776.94,-50944.35,5,62,0.34,0.02,2,32,"EII","EII",44,44
"5",-50059.02,-50387.89,87,101,0.1,0.01,1,68,"EII","EII",55,55
"6",-49745.51,-50001.43,137,166,0.15,0.04,5,60,"EII","EII",66,66
"7",-49412.91,-49716.44,117,57,0.27,0.03,53,31,"EII","EII",77,77
"8",-49147.95,-49467.59,23,80,1.86,0.24,13,33,"EII","EII",88,88
"9",-48933.04,-49255.66,86,81,0.24,0.41,3,49,"EII","EII",99,99
"10",-48750.52,-49082.68,72,57,0.48,1.16,62,45,"EII","EII",110,110
