"","best_ll_s1","best_ll_s2","iter_best_s1","iter_best_s2","d_s1","d_s2","iter4sec_s1","iter4sec_s2","model_s1","model_s2","df_1","df_2"
"1",-1e+07,-1e+07,NA,NA,0,0,NA,NA,NA,NA,NA,NA
"2",-52263.87,-52387,174,166,0.01,0,9,89,"EII","EII",22,22
"3",-51512.54,-51703.53,56,156,0.27,0.02,19,21,"EII","EII",33,33
"4",-50777.07,-50944.33,132,181,0.03,0.01,129,64,"EII","EII",44,44
"5",-50058.96,-50387.88,147,41,0.08,0.02,41,32,"EII","EII",55,55
"6",-49745.47,-50001.16,66,86,0.34,0.24,61,4,"EII","EII",66,66
"7",-49413.09,-49716.38,64,59,0.23,0.02,61,39,"EII","EII",77,77
"8",-49147.78,-49467.52,65,46,0.21,0.31,54,31,"EII","EII",88,88
"9",-48932.63,-49255.27,113,167,0.54,0.72,108,89,"EII","EII",99,99
"10",-48750.91,-49082.88,81,102,0,0.09,43,80,"EII","EII",110,110
