"","best_ll_s1","best_ll_s2","iter_best_s1","iter_best_s2","d_s1","d_s2","iter4sec_s1","iter4sec_s2","model_s1","model_s2","df_1","df_2"
"1",-1e+07,-1e+07,NA,NA,0,0,NA,NA,NA,NA,NA,NA
"2",-52263.91,-52386.95,66,109,0,0.01,66,84,"EII","EII",22,22
"3",-51512.68,-51703.45,159,165,0,0.04,65,8,"EII","EII",33,33
"4",-50777.05,-50944.33,112,24,0.06,0.02,15,6,"EII","EII",44,44
"5",-50058.92,-50387.86,42,130,0.17,0.03,10,118,"EII","EII",55,55
"6",-49745.47,-50001.24,139,32,0.08,0.1,78,10,"EII","EII",66,66
"7",-49413.12,-49716.35,57,88,0.13,0.01,132,28,"EII","EII",77,77
"8",-49147.41,-49467.32,107,9,0.12,1.19,10,8,"EII","EII",88,88
"9",-48932.76,-49255.3,172,71,0.25,0.48,94,27,"EII","EII",99,99
"10",-48750.89,-49083.41,38,58,0.03,20.41,166,33,"EII","EII",110,110
