"","best_ll_s1","best_ll_s2","iter_best_s1","iter_best_s2","d_s1","d_s2","iter4sec_s1","iter4sec_s2","model_s1","model_s2","df_1","df_2"
"1",-1e+07,-1e+07,NA,NA,0,0,NA,NA,NA,NA,NA,NA
"2",-52263.87,-52386.97,131,56,0.01,0.01,59,41,"EII","EII",22,22
"3",-51512.62,-51703.45,96,102,0.02,0.13,42,100,"EII","EII",33,33
"4",-50777.06,-50944.35,63,85,0.08,0,33,73,"EII","EII",44,44
"5",-50058.92,-50387.87,130,181,0.12,0.03,28,65,"EII","EII",55,55
"6",-49745.32,-50001.06,27,190,0.14,0.36,11,47,"EII","EII",66,66
"7",-49413.36,-49716.4,53,141,0.16,0.14,48,15,"EII","EII",77,77
"8",-49147.55,-49467.29,117,92,0.01,0.18,25,23,"EII","EII",88,88
"9",-48932.7,-49255.28,48,196,0.33,0.64,27,143,"EII","EII",99,99
"10",-48751.3,-49083.01,50,137,0,0.17,20,54,"EII","EII",110,110
