"","best_ll_s1","best_ll_s2","iter_best_s1","iter_best_s2","d_s1","d_s2","iter4sec_s1","iter4sec_s2","model_s1","model_s2","df_1","df_2"
"1",-1e+07,-1e+07,NA,NA,0,0,NA,NA,NA,NA,NA,NA
"2",-52263.88,-52386.96,81,149,0.01,0,12,154,"EII","EII",22,22
"3",-51512.7,-51703.47,69,186,0.26,0.08,9,155,"EII","EII",33,33
"4",-50777.08,-50944.3,130,123,0.02,0.05,81,91,"EII","EII",44,44
"5",-50059.01,-50387.88,92,120,0.05,0.01,81,36,"EII","EII",55,55
"6",-49745.54,-50001.37,50,143,0.11,0,39,143,"EII","EII",66,66
"7",-49413.09,-49716.48,99,55,0.23,0,27,55,"EII","EII",77,77
"8",-49147.69,-49467.52,117,148,0,0,117,148,"EII","EII",88,88
"9",-48933.05,-49255.65,189,75,0,0.32,189,23,"EII","EII",99,99
"10",-48750.84,-49083.32,40,116,0,0,40,116,"EII","EII",110,110
