"","best_ll_s1","best_ll_s2","iter_best_s1","iter_best_s2","d_s1","d_s2","iter4sec_s1","iter4sec_s2","model_s1","model_s2","df_1","df_2"
"1",-1e+07,-1e+07,NA,NA,0,0,NA,NA,NA,NA,NA,NA
"2",-52263.87,-52386.96,663,21,0,0,326,21,"EII","EII",22,22
"3",-51512.6,-51703.54,18,75,0.18,0.01,14,32,"EII","EII",33,33
"4",-50777.01,-50944.27,91,150,0.06,0.08,50,133,"EII","EII",44,44
"5",-50059.03,-50387.87,88,91,0.1,0.04,11,10,"EII","EII",55,55
"6",-49745.56,-50001.24,159,95,0.18,0.07,100,67,"EII","EII",66,66
"7",-49413.23,-49716.47,10,20,0.15,0.08,5,9,"EII","EII",77,77
"8",-49147.89,-49467.61,96,165,0.04,0.04,87,6,"EII","EII",88,88
"9",-48932.74,-49255.8,176,133,0.28,0.43,83,33,"EII","EII",99,99
"10",-48750.5,-49083.29,105,163,0.48,0.04,51,149,"EII","EII",110,110
