"","best_ll_s1","best_ll_s2","iter_best_s1","iter_best_s2","d_s1","d_s2","iter4sec_s1","iter4sec_s2","model_s1","model_s2","df_1","df_2"
"1",-1e+07,-1e+07,NA,NA,0,0,NA,NA,NA,NA,NA,NA
"2",-52263.88,-52386.97,191,162,0.01,0,181,162,"EII","EII",22,22
"3",-51512.59,-51703.5,191,162,0.01,0.01,28,24,"EII","EII",33,33
"4",-50777.06,-50944.33,35,107,0.08,0,14,107,"EII","EII",44,44
"5",-50059.07,-50387.82,200,189,0.02,0.07,174,74,"EII","EII",55,55
"6",-49745.51,-50001.38,150,189,0,0,150,189,"EII","EII",66,66
"7",-49413.06,-49716.49,15,181,0,0.07,15,30,"EII","EII",77,77
"8",-49147.98,-49467.37,14,66,0,0.32,14,31,"EII","EII",88,88
"9",-48932.94,-49255.68,108,116,0.05,0.45,4,108,"EII","EII",99,99
"10",-48750.63,-49083.28,32,60,0.72,0.08,16,20,"EII","EII",110,110
