"","best_ll_s1","best_ll_s2","iter_best_s1","iter_best_s2","d_s1","d_s2","iter4sec_s1","iter4sec_s2","model_s1","model_s2","df_1","df_2"
"1",-1e+07,-1e+07,NA,NA,0,0,NA,NA,NA,NA,NA,NA
"2",-52263.87,-52386.95,54,53,0.08,0.03,23,17,"EII","EII",22,22
"3",-51512.54,-51703.51,184,69,0.18,0.07,20,4,"EII","EII",33,33
"4",-50777.08,-50944.34,126,158,0.04,0.01,18,51,"EII","EII",44,44
"5",-50058.95,-50387.89,103,38,0.06,0.27,20,3,"EII","EII",55,55
"6",-49745.53,-50001.18,138,190,0.09,0.24,6,107,"EII","EII",66,66
"7",-49413.13,-49716.51,165,57,0.21,0.17,112,1,"EII","EII",77,77
"8",-49147.56,-49467.24,107,142,0.26,0.37,44,80,"EII","EII",88,88
"9",-48932.94,-49255.51,58,45,0.22,0.59,6,21,"EII","EII",99,99
"10",-48750.73,-49083.02,81,67,0.16,0.19,40,9,"EII","EII",110,110
