"","best_ll_s1","best_ll_s2","iter_best_s1","iter_best_s2","d_s1","d_s2","iter4sec_s1","iter4sec_s2","model_s1","model_s2","df_1","df_2"
"1",-1e+07,-1e+07,NA,NA,0,0,NA,NA,NA,NA,NA,NA
"2",-52263.9,-52386.98,185,158,0,0,128,47,"EII","EII",22,22
"3",-51512.23,-51703.52,59,69,0,0.06,59,62,"EII","EII",33,33
"4",-50777.07,-50944.32,23,185,0.17,0,18,185,"EII","EII",44,44
"5",-50059.04,-50387.91,123,37,0.05,0.04,51,29,"EII","EII",55,55
"6",-49745.42,-50001.36,11,44,0,0,11,44,"EII","EII",66,66
"7",-49413.23,-49716.5,50,88,0.12,0,5,88,"EII","EII",77,77
"8",-49147.58,-49467.62,6,136,12.26,0.08,4,113,"EII","EII",88,88
"9",-48933.14,-49255.9,38,60,0.12,0.09,22,29,"EII","EII",99,99
"10",-48751.28,-49083.14,12,56,0,0.46,12,3,"EII","EII",110,110
