"","best_ll_s1","best_ll_s2","iter_best_s1","iter_best_s2","d_s1","d_s2","iter4sec_s1","iter4sec_s2","model_s1","model_s2","df_1","df_2"
"1",-1e+07,-1e+07,NA,NA,0,0,NA,NA,NA,NA,NA,NA
"2",-52263.88,-52386.97,110,42,0.01,0,96,42,"EII","EII",22,22
"3",-51512.69,-51703.5,200,42,0,0.08,200,35,"EII","EII",33,33
"4",-50777.07,-50944.34,159,2,0,0.16,159,1,"EII","EII",44,44
"5",-50058.98,-50387.87,113,2,0,0.72,113,1,"EII","EII",55,55
"6",-49745.45,-50001.29,147,190,0,0,147,190,"EII","EII",66,66
"7",-49413.24,-49716.61,124,151,0,0,103,151,"EII","EII",77,77
"8",-49147.75,-49467.52,43,181,0.12,0.05,30,146,"EII","EII",88,88
"9",-48932.86,-49255.81,123,26,0.37,0,41,26,"EII","EII",99,99
"10",-48751.15,-49083.21,46,61,0,0.01,46,41,"EII","EII",110,110
