"","best_ll_s1","best_ll_s2","iter_best_s1","iter_best_s2","d_s1","d_s2","iter4sec_s1","iter4sec_s2","model_s1","model_s2","df_1","df_2"
"1",-1e+07,-1e+07,NA,NA,0,0,NA,NA,NA,NA,NA,NA
"2",-52263.92,-52386.98,194,51,0,0.01,100,34,"EII","EII",22,22
"3",-51512.32,-51703.45,41,193,0.35,0.04,25,83,"EII","EII",33,33
"4",-50777.11,-50944.26,37,130,0,0.11,31,93,"EII","EII",44,44
"5",-50059.01,-50387.88,40,40,0.05,0.1,4,12,"EII","EII",55,55
"6",-49745.25,-50001.37,98,150,0,0.09,41,139,"EII","EII",66,66
"7",-49413.2,-49716.41,38,130,0.4,0.37,15,96,"EII","EII",77,77
"8",-49147.67,-49467.65,28,96,0.07,0.09,7,20,"EII","EII",88,88
"9",-48933.09,-49255.88,154,154,0,0.01,151,92,"EII","EII",99,99
"10",-48750.55,-49083.31,154,158,0.19,0.38,124,34,"EII","EII",110,110
