"","best_ll_s1","best_ll_s2","iter_best_s1","iter_best_s2","d_s1","d_s2","iter4sec_s1","iter4sec_s2","model_s1","model_s2","df_1","df_2"
"1",-1e+07,-1e+07,NA,NA,0,0,NA,NA,NA,NA,NA,NA
"2",-52263.88,-52386.96,30,106,0,0.01,30,7,"EII","EII",22,22
"3",-51512.47,-51703.52,171,164,0.01,0.01,102,41,"EII","EII",33,33
"4",-50777.11,-50944.33,131,69,0,0.07,131,64,"EII","EII",44,44
"5",-50059,-50387.9,27,145,0,0.05,27,138,"EII","EII",55,55
"6",-49745.3,-50001.33,143,156,0,0.02,143,18,"EII","EII",66,66
"7",-49413.46,-49716.58,113,8,0.34,2.1,72,6,"EII","EII",77,77
"8",-49147.5,-49467.59,128,174,0,0.08,128,93,"EII","EII",88,88
"9",-48932.9,-49255.24,105,40,0,0.65,105,7,"EII","EII",99,99
"10",-48750.28,-49083.21,4,46,20.44,0.11,1,32,"EII","EII",110,110
