"","best_ll_s1","best_ll_s2","iter_best_s1","iter_best_s2","d_s1","d_s2","iter4sec_s1","iter4sec_s2","model_s1","model_s2","df_1","df_2"
"1",-1e+07,-1e+07,NA,NA,0,0,NA,NA,NA,NA,NA,NA
"2",-52263.87,-52386.96,122,114,0.01,0.04,37,106,"EII","EII",22,22
"3",-51512.5,-51703.56,160,89,0.08,0.02,116,87,"EII","EII",33,33
"4",-50777.11,-50944.35,175,102,0.02,0,2,33,"EII","EII",44,44
"5",-50059.01,-50387.87,187,3,0.05,0.45,109,2,"EII","EII",55,55
"6",-49745.3,-50001.36,41,67,0.27,0.03,17,58,"EII","EII",66,66
"7",-49413.07,-49716.52,197,28,0.1,0.62,188,8,"EII","EII",77,77
"8",-49147.54,-49467.49,102,28,0.39,0.56,38,6,"EII","EII",88,88
"9",-48932.7,-49255.56,12,19,0.55,0.47,2,2,"EII","EII",99,99
"10",-48750.71,-49083.05,151,16,0.37,1.99,143,12,"EII","EII",110,110
