"","best_ll_s1","best_ll_s2","iter_best_s1","iter_best_s2","d_s1","d_s2","iter4sec_s1","iter4sec_s2","model_s1","model_s2","df_1","df_2"
"1",-1e+07,-1e+07,NA,NA,0,0,NA,NA,NA,NA,NA,NA
"2",-52264.19,-52387.34,3,9,0,0,2,2,"EII","EII",22,22
"3",-51512.64,-51703.61,8,20,0.1,0,5,4,"EII","EII",33,33
"4",-50777.21,-50944.35,8,3,0,0.6,3,2,"EII","EII",44,44
"5",-50059.03,-50388.25,64,5,0,0,19,1,"EII","EII",55,55
"6",-49746.69,-50001.33,7,8,0,1.5,6,7,"EII","EII",66,66
"7",-49413.22,-49716.47,3,41,0.5,0.2,2,2,"EII","EII",77,77
"8",-49147.55,-49467.49,169,31,0.1,0.4,17,23,"EII","EII",88,88
"9",-48933.18,-49257.1,44,19,0.2,0,30,16,"EII","EII",99,99
"10",-48750.8,-49082.89,18,20,1.8,21.9,5,1,"EII","EII",110,110
