"","best_ll_s1","best_ll_s2","iter_best_s1","iter_best_s2","d_s1","d_s2","iter4sec_s1","iter4sec_s2","model_s1","model_s2","df_1","df_2"
"1",-1e+07,-1e+07,NA,NA,0,0,NA,NA,NA,NA,NA,NA
"2",-52264.15,-52387.29,14,49,0.01,0,4,3,"EII","EII",22,22
"3",-51512.64,-51703.48,105,66,0.11,0.08,69,50,"EII","EII",33,33
"4",-50776.99,-50944.32,85,199,0.12,0.01,67,155,"EII","EII",44,44
"5",-50058.97,-50387.88,143,88,0.06,0.02,3,47,"EII","EII",55,55
"6",-49745.7,-50001.37,125,92,0.01,0.12,43,34,"EII","EII",66,66
"7",-49413.53,-49717.25,66,8,0,0,65,1,"EII","EII",77,77
"8",-49147.51,-49467.33,143,11,0.29,52.51,55,7,"EII","EII",88,88
"9",-48932.95,-49255.6,136,15,0.25,0.73,71,2,"EII","EII",99,99
"10",-48750.71,-49083.25,72,95,0.04,0.05,5,32,"EII","EII",110,110
