"","best_ll_s1","best_ll_s2","iter_best_s1","iter_best_s2","d_s1","d_s2","iter4sec_s1","iter4sec_s2","model_s1","model_s2","df_1","df_2"
"1",-1e+07,-1e+07,NA,NA,0,0,NA,NA,NA,NA,NA,NA
"2",-52263.87,-52386.97,130,138,0.02,0.01,109,75,"EII","EII",22,22
"3",-51512.63,-51703.48,102,109,0.2,0.06,47,57,"EII","EII",33,33
"4",-50777.12,-50944.32,55,23,0.02,0.03,41,21,"EII","EII",44,44
"5",-50058.89,-50387.9,2,98,418.21,0.06,1,8,"EII","EII",55,55
"6",-49745.42,-50001.35,29,16,0.61,0.36,19,3,"EII","EII",66,66
"7",-49413.09,-49716.56,145,29,0.07,0.15,36,21,"EII","EII",77,77
"8",-49147.58,-49467.6,103,123,0.53,0.02,43,80,"EII","EII",88,88
"9",-48932.91,-49256.04,134,128,0.15,0.1,20,96,"EII","EII",99,99
"10",-48750.31,-49082.68,99,31,0.32,21.7,34,8,"EII","EII",110,110
