"","best_ll_s1","best_ll_s2","iter_best_s1","iter_best_s2","d_s1","d_s2","iter4sec_s1","iter4sec_s2","model_s1","model_s2","df_1","df_2"
"1",-1e+07,-1e+07,NA,NA,0,0,NA,NA,NA,NA,NA,NA
"2",-52263.86,-52386.98,16,10,0.05,0.07,13,2,"EII","EII",22,22
"3",-51512.43,-51703.5,127,143,0.22,0.02,10,122,"EII","EII",33,33
"4",-50777.11,-50944.28,150,55,0,0.06,49,30,"EII","EII",44,44
"5",-50058.92,-50387.89,90,197,0.03,0.01,42,66,"EII","EII",55,55
"6",-49745.53,-50001.38,61,188,0.08,0.05,22,187,"EII","EII",66,66
"7",-49413.15,-49716.42,49,23,0.21,0.48,11,18,"EII","EII",77,77
"8",-49147.49,-49467.43,189,99,0.17,0.19,112,27,"EII","EII",88,88
"9",-48933.12,-49255.86,134,82,0.08,0.23,115,14,"EII","EII",99,99
"10",-48751.67,-49082.82,28,184,0.28,0.14,14,31,"EII","EII",110,110
