"","best_ll_s1","best_ll_s2","iter_best_s1","iter_best_s2","d_s1","d_s2","iter4sec_s1","iter4sec_s2","model_s1","model_s2","df_1","df_2"
"1",-1e+07,-1e+07,NA,NA,0,0,NA,NA,NA,NA,NA,NA
"2",-52263.87,-52386.98,26,72,0,0.01,26,20,"EII","EII",22,22
"3",-51512.52,-51703.54,164,179,0.16,0.01,25,2,"EII","EII",33,33
"4",-50777.09,-50944.37,10,78,0,0,10,78,"EII","EII",44,44
"5",-50059.04,-50387.87,97,13,0.05,0,80,13,"EII","EII",55,55
"6",-49745.47,-50001.37,71,182,0,0.07,71,22,"EII","EII",66,66
"7",-49413,-49716.56,81,31,0.55,0.75,25,28,"EII","EII",77,77
"8",-49147.65,-49467.48,62,76,0.46,0,52,76,"EII","EII",88,88
"9",-48933.02,-49255.72,153,191,0,0.04,153,59,"EII","EII",99,99
"10",-48750.7,-49083.17,187,164,0.01,0,155,164,"EII","EII",110,110
