"","best_ll_s1","best_ll_s2","iter_best_s1","iter_best_s2","d_s1","d_s2","iter4sec_s1","iter4sec_s2","model_s1","model_s2","df_1","df_2"
"1",-1e+07,-1e+07,NA,NA,0,0,NA,NA,NA,NA,NA,NA
"2",-52263.9,-52386.97,82,110,0,0,82,110,"EII","EII",22,22
"3",-51512.73,-51703.54,96,172,0.01,0,8,90,"EII","EII",33,33
"4",-50777.07,-50944.34,21,130,0,0.01,21,81,"EII","EII",44,44
"5",-50058.94,-50387.87,154,156,0,0,154,156,"EII","EII",55,55
"6",-49745.44,-50001.32,3,135,28.31,0,2,135,"EII","EII",66,66
"7",-49413.08,-49716.4,153,27,0.3,0.37,105,10,"EII","EII",77,77
"8",-49147.59,-49467.37,114,155,0.02,0,28,155,"EII","EII",88,88
"9",-48932.88,-49255.76,76,33,0,0.52,76,10,"EII","EII",99,99
"10",-48750.85,-49082.5,163,137,0.66,0.16,8,73,"EII","EII",110,110
