"","best_ll_s1","best_ll_s2","iter_best_s1","iter_best_s2","d_s1","d_s2","iter4sec_s1","iter4sec_s2","model_s1","model_s2","df_1","df_2"
"1",-1e+07,-1e+07,NA,NA,0,0,NA,NA,NA,NA,NA,NA
"2",-52263.88,-52386.96,136,156,0,0.02,1,17,"EII","EII",22,22
"3",-51512.66,-51703.46,3,131,131.91,0.02,1,29,"EII","EII",33,33
"4",-50776.98,-50944.3,174,177,0.07,0.01,57,91,"EII","EII",44,44
"5",-50059,-50387.93,4,95,0.07,0,3,1,"EII","EII",55,55
"6",-49745.54,-50001.17,125,10,0.08,0.42,14,9,"EII","EII",66,66
"7",-49413.19,-49716.58,9,162,0.81,0.07,2,30,"EII","EII",77,77
"8",-49147.55,-49467.94,126,49,0.05,0.1,58,35,"EII","EII",88,88
"9",-48933.14,-49255.35,5,102,37.33,0.73,1,89,"EII","EII",99,99
"10",-48751.01,-49083.18,46,163,0.98,0.09,36,30,"EII","EII",110,110
