"","best_ll_s1","best_ll_s2","iter_best_s1","iter_best_s2","d_s1","d_s2","iter4sec_s1","iter4sec_s2","model_s1","model_s2","df_1","df_2"
"1",-1e+07,-1e+07,NA,NA,0,0,NA,NA,NA,NA,NA,NA
"2",-52263.88,-52386.97,89,3,0.03,0,75,3,"EII","EII",22,22
"3",-51512.53,-51703.47,113,147,0.18,0,11,30,"EII","EII",33,33
"4",-50777.08,-50944.3,118,134,0.03,0.05,7,70,"EII","EII",44,44
"5",-50059.06,-50387.86,59,59,0.05,0.05,52,31,"EII","EII",55,55
"6",-49745.28,-50001.38,145,118,0,0,145,118,"EII","EII",66,66
"7",-49413.19,-49716.51,83,9,0.12,0.38,38,8,"EII","EII",77,77
"8",-49147.58,-49467.72,154,127,0.09,0.07,44,27,"EII","EII",88,88
"9",-48933.05,-49255.49,73,68,0.12,0.35,15,4,"EII","EII",99,99
"10",-48750.18,-49082.83,41,173,1.56,0.6,3,51,"EII","EII",110,110
