"","best_ll_s1","best_ll_s2","iter_best_s1","iter_best_s2","d_s1","d_s2","iter4sec_s1","iter4sec_s2","model_s1","model_s2","df_1","df_2"
"1",-1e+07,-1e+07,NA,NA,0,0,NA,NA,NA,NA,NA,NA
"2",-52263.88,-52386.97,166,64,0.01,0.01,147,20,"EII","EII",22,22
"3",-51512.43,-51703.54,130,89,0.03,0.04,22,11,"EII","EII",33,33
"4",-50777.09,-50944.35,126,114,0.02,0,41,76,"EII","EII",44,44
"5",-50058.94,-50387.88,112,37,0.1,0.09,96,16,"EII","EII",55,55
"6",-49745.44,-50001.29,127,190,0.24,0.08,126,6,"EII","EII",66,66
"7",-49413.17,-49716.59,104,25,0.03,0.14,85,14,"EII","EII",77,77
"8",-49147.71,-49467.53,132,187,0.12,0.13,99,55,"EII","EII",88,88
"9",-48933,-49255.71,9,91,0.2,0.61,2,3,"EII","EII",99,99
"10",-48750.67,-49082.7,133,179,0.5,0.03,120,123,"EII","EII",110,110
