"","best_ll_s1","best_ll_s2","iter_best_s1","iter_best_s2","d_s1","d_s2","iter4sec_s1","iter4sec_s2","model_s1","model_s2","df_1","df_2"
"1",-1e+07,-1e+07,NA,NA,0,0,NA,NA,NA,NA,NA,NA
"2",-52263.87,-52386.96,163,190,0.03,0.02,90,178,"EII","EII",22,22
"3",-51512.4,-51703.46,82,12,0.2,0.01,23,4,"EII","EII",33,33
"4",-50777.11,-50944.3,114,182,0.04,0.06,45,3,"EII","EII",44,44
"5",-50059.02,-50387.82,57,53,0.02,0.06,24,39,"EII","EII",55,55
"6",-49745.51,-50001.29,157,169,0.1,0.08,67,146,"EII","EII",66,66
"7",-49413.08,-49716.43,83,104,0.28,0.08,51,43,"EII","EII",77,77
"8",-49147.77,-49467.58,83,151,0.14,0.15,39,84,"EII","EII",88,88
"9",-48932.6,-49255.55,31,150,0.6,0.02,20,77,"EII","EII",99,99
"10",-48750.89,-49082.32,108,33,1.17,0.09,11,28,"EII","EII",110,110
