"","best_ll_s1","best_ll_s2","iter_best_s1","iter_best_s2","d_s1","d_s2","iter4sec_s1","iter4sec_s2","model_s1","model_s2","df_1","df_2"
"1",-1e+07,-1e+07,NA,NA,0,0,NA,NA,NA,NA,NA,NA
"2",-52263.89,-52386.97,163,19,0.14,0,104,1,"EII","EII",22,22
"3",-51512.32,-51703.52,59,158,0.27,0,34,158,"EII","EII",33,33
"4",-50777.09,-50944.25,140,89,0,0,140,89,"EII","EII",44,44
"5",-50058.99,-50387.9,69,55,0,0.02,69,48,"EII","EII",55,55
"6",-49745.43,-50001.25,183,50,0.24,0.15,137,31,"EII","EII",66,66
"7",-49413.23,-49716.45,186,186,0,0.14,186,151,"EII","EII",77,77
"8",-49147.51,-49467.3,142,183,0,0,142,183,"EII","EII",88,88
"9",-48932.97,-49255.6,117,96,0,0,117,96,"EII","EII",99,99
"10",-48750.48,-49082.67,188,104,0.24,0.25,135,28,"EII","EII",110,110
