"","best_ll_s1","best_ll_s2","iter_best_s1","iter_best_s2","d_s1","d_s2","iter4sec_s1","iter4sec_s2","model_s1","model_s2","df_1","df_2"
"1",-1e+07,-1e+07,NA,NA,0,0,NA,NA,NA,NA,NA,NA
"2",-52263.88,-52386.99,117,91,0,0,22,57,"EII","EII",22,22
"3",-51512.42,-51703.42,123,120,0.19,0.14,58,96,"EII","EII",33,33
"4",-50777.02,-50944.25,130,192,0.04,0.1,121,147,"EII","EII",44,44
"5",-50059.03,-50387.88,124,135,0.04,0.02,92,56,"EII","EII",55,55
"6",-49745.59,-50001.17,1,170,48958278.23,0.12,0,15,"EII","EII",66,66
"7",-49413.24,-49716.49,28,131,0.44,0.3,4,41,"EII","EII",77,77
"8",-49147.43,-49467.61,120,199,0.16,0.13,101,39,"EII","EII",88,88
"9",-48932.96,-49255.7,56,77,0.88,0.23,54,73,"EII","EII",99,99
"10",-48750.69,-49082.65,91,23,0.26,2.35,76,4,"EII","EII",110,110
