"","best_ll_s1","best_ll_s2","iter_best_s1","iter_best_s2","d_s1","d_s2","iter4sec_s1","iter4sec_s2","model_s1","model_s2","df_1","df_2"
"1",-1e+07,-1e+07,NA,NA,0,0,NA,NA,NA,NA,NA,NA
"2",-52263.88,-52386.97,122,45,0.01,0,91,64,"EII","EII",22,22
"3",-51512.42,-51703.45,50,62,0.38,0.01,8,25,"EII","EII",33,33
"4",-50777,-50944.3,175,70,0.03,0.05,36,28,"EII","EII",44,44
"5",-50058.91,-50387.88,117,197,0.02,0,31,182,"EII","EII",55,55
"6",-49745.4,-50001.24,120,27,0.08,0.04,106,188,"EII","EII",66,66
"7",-49413.12,-49716.48,41,26,0.25,0.1,37,60,"EII","EII",77,77
"8",-49147.46,-49467.36,163,133,0.3,0.22,35,36,"EII","EII",88,88
"9",-48933.07,-49255.18,75,86,0.46,0.71,15,108,"EII","EII",99,99
"10",-48750.8,-49082.93,75,45,0.09,0.09,35,108,"EII","EII",110,110
