"","best_ll_s1","best_ll_s2","iter_best_s1","iter_best_s2","d_s1","d_s2","iter4sec_s1","iter4sec_s2","model_s1","model_s2","df_1","df_2"
"1",-1e+07,-1e+07,NA,NA,0,0,NA,NA,NA,NA,NA,NA
"2",-52263.88,-52386.96,158,62,0,0.05,121,21,"EII","EII",22,22
"3",-51512.67,-51703.49,176,6,0.03,0,32,6,"EII","EII",33,33
"4",-50777.07,-50944.31,52,115,0,0.03,52,24,"EII","EII",44,44
"5",-50059.05,-50387.88,89,159,0,0.06,89,84,"EII","EII",55,55
"6",-49745.46,-50001.28,97,103,0.13,0,51,103,"EII","EII",66,66
"7",-49413.23,-49716.54,102,17,0.15,0,84,17,"EII","EII",77,77
"8",-49147.94,-49467.48,59,175,0,0,59,175,"EII","EII",88,88
"9",-48932.71,-49255.46,195,146,0.15,0,2,146,"EII","EII",99,99
"10",-48750.26,-49082.65,61,190,0.12,0.14,55,146,"EII","EII",110,110
