"","best_ll_s1","best_ll_s2","iter_best_s1","iter_best_s2","d_s1","d_s2","iter4sec_s1","iter4sec_s2","model_s1","model_s2","df_1","df_2"
"1",-1e+07,-1e+07,NA,NA,0,0,NA,NA,NA,NA,NA,NA
"2",-52263.88,-52386.96,4,171,0.31,0.01,1,157,"EII","EII",22,22
"3",-51512.6,-51703.5,33,99,0,0,33,99,"EII","EII",33,33
"4",-50777,-50944.34,82,182,0.03,0.05,11,155,"EII","EII",44,44
"5",-50059.03,-50387.92,103,78,0.04,0,94,78,"EII","EII",55,55
"6",-49745.44,-50001.22,14,67,0.3,0.23,10,28,"EII","EII",66,66
"7",-49412.99,-49716.4,173,93,0.16,0,53,93,"EII","EII",77,77
"8",-49147.62,-49467.52,6,108,11.76,0,1,108,"EII","EII",88,88
"9",-48932.9,-49255.62,103,61,0.04,0,35,61,"EII","EII",99,99
"10",-48750.97,-49082.86,147,139,0,0.49,147,16,"EII","EII",110,110
