"","best_ll_s1","best_ll_s2","iter_best_s1","iter_best_s2","d_s1","d_s2","iter4sec_s1","iter4sec_s2","model_s1","model_s2","df_1","df_2"
"1",-1e+07,-1e+07,NA,NA,0,0,NA,NA,NA,NA,NA,NA
"2",-52263.88,-52386.96,197,35,0,0.09,34,21,"EII","EII",22,22
"3",-51512.28,-51703.48,159,170,0.13,0.05,124,33,"EII","EII",33,33
"4",-50777.1,-50944.35,52,48,0.01,0.05,43,3,"EII","EII",44,44
"5",-50059.04,-50387.92,186,189,0,0,170,99,"EII","EII",55,55
"6",-49745.62,-50001.22,193,64,0,0,193,64,"EII","EII",66,66
"7",-49413.15,-49716.53,153,106,0.01,0,86,106,"EII","EII",77,77
"8",-49147.5,-49467.52,153,42,0,0,153,42,"EII","EII",88,88
"9",-48932.68,-49255.47,75,150,1.09,0.51,61,45,"EII","EII",99,99
"10",-48750.12,-49083.36,75,115,0,0,75,115,"EII","EII",110,110
