"","best_ll_s1","best_ll_s2","iter_best_s1","iter_best_s2","d_s1","d_s2","iter4sec_s1","iter4sec_s2","model_s1","model_s2","df_1","df_2"
"1",-1e+07,-1e+07,NA,NA,0,0,NA,NA,NA,NA,NA,NA
"2",-52263.87,-52386.98,168,126,0.01,0.01,35,16,"EII","EII",22,22
"3",-51512.48,-51703.51,86,124,0.17,0.06,73,36,"EII","EII",33,33
"4",-50777.03,-50944.33,51,177,0.07,0.01,19,166,"EII","EII",44,44
"5",-50059.07,-50387.82,133,194,0,0.06,133,37,"EII","EII",55,55
"6",-49745.24,-50001.31,17,183,0.37,0.17,10,118,"EII","EII",66,66
"7",-49413.18,-49716.42,186,105,0.11,0,57,105,"EII","EII",77,77
"8",-49147.29,-49467.57,20,35,1.04,0,7,35,"EII","EII",88,88
"9",-48932.86,-49255.19,189,99,0.5,0,83,99,"EII","EII",99,99
"10",-48750.6,-49082.37,193,85,0.09,0.6,150,71,"EII","EII",110,110
