"","best_ll_s1","best_ll_s2","iter_best_s1","iter_best_s2","d_s1","d_s2","iter4sec_s1","iter4sec_s2","model_s1","model_s2","df_1","df_2"
"1",-1e+07,-1e+07,NA,NA,0,0,NA,NA,NA,NA,NA,NA
"2",-52263.89,-52386.95,157,6,0,0,157,6,"EII","EII",22,22
"3",-51512.48,-51703.44,96,40,0.13,0,9,40,"EII","EII",33,33
"4",-50777.08,-50944.31,185,123,0.03,0,15,123,"EII","EII",44,44
"5",-50058.94,-50387.82,83,162,0.1,0,62,162,"EII","EII",55,55
"6",-49745.26,-50001.13,89,137,0.13,0.26,32,48,"EII","EII",66,66
"7",-49413.08,-49716.45,31,138,0.53,0,14,138,"EII","EII",77,77
"8",-49147.82,-49467.26,183,80,0.06,0,163,80,"EII","EII",88,88
"9",-48932.54,-49255.57,102,181,0,0,102,181,"EII","EII",99,99
"10",-48750.29,-49082.88,161,57,0,0,161,57,"EII","EII",110,110
