"","best_ll_s1","best_ll_s2","iter_best_s1","iter_best_s2","d_s1","d_s2","iter4sec_s1","iter4sec_s2","model_s1","model_s2","df_1","df_2"
"1",-1e+07,-1e+07,NA,NA,0,0,NA,NA,NA,NA,NA,NA
"2",-52263.9,-52386.98,6,46,0.26,0.07,5,33,"EII","EII",22,22
"3",-51512.46,-51703.5,192,102,0.15,0.05,78,79,"EII","EII",33,33
"4",-50777.11,-50944.35,154,114,0.02,0,58,30,"EII","EII",44,44
"5",-50058.97,-50387.87,41,111,0.08,0.03,23,81,"EII","EII",55,55
"6",-49745.38,-50001.37,48,113,0.6,0.01,24,84,"EII","EII",66,66
"7",-49413.22,-49716.46,108,182,0.19,0.2,2,55,"EII","EII",77,77
"8",-49147.52,-49467.27,185,138,0.5,0.65,63,15,"EII","EII",88,88
"9",-48932.33,-49255.72,116,29,0.79,0.57,89,25,"EII","EII",99,99
"10",-48750.57,-49083.17,152,103,0.71,0.05,49,95,"EII","EII",110,110
