"","best_ll_s1","best_ll_s2","iter_best_s1","iter_best_s2","d_s1","d_s2","iter4sec_s1","iter4sec_s2","model_s1","model_s2","df_1","df_2"
"1",-1e+07,-1e+07,NA,NA,0,0,NA,NA,NA,NA,NA,NA
"2",-52263.87,-52386.95,45,109,0,0.03,41,5,"EII","EII",22,22
"3",-51512.54,-51703.47,85,27,0.34,0.09,22,24,"EII","EII",33,33
"4",-50776.98,-50944.36,105,16,0.09,0.03,94,8,"EII","EII",44,44
"5",-50058.98,-50387.88,103,37,0.12,0.19,10,4,"EII","EII",55,55
"6",-49745.71,-50001.34,50,167,0.04,0.01,22,98,"EII","EII",66,66
"7",-49413.13,-49716.61,178,47,0.11,0.2,72,42,"EII","EII",77,77
"8",-49147.61,-49467.36,181,3,0.12,3.06,130,1,"EII","EII",88,88
"9",-48932.98,-49255.57,85,156,0.25,0.15,40,63,"EII","EII",99,99
"10",-48750.49,-49082.35,140,83,0.21,0.71,113,4,"EII","EII",110,110
