"","best_ll_s1","best_ll_s2","iter_best_s1","iter_best_s2","d_s1","d_s2","iter4sec_s1","iter4sec_s2","model_s1","model_s2","df_1","df_2"
"1",-1e+07,-1e+07,NA,NA,0,0,NA,NA,NA,NA,NA,NA
"2",-52263.89,-52387,125,196,0,0,125,196,"EII","EII",22,22
"3",-51512.67,-51703.5,73,9,0.14,0,60,9,"EII","EII",33,33
"4",-50777.09,-50944.35,194,60,0.03,0,30,60,"EII","EII",44,44
"5",-50058.99,-50387.9,86,38,0.05,0.32,67,21,"EII","EII",55,55
"6",-49745.24,-50001.4,186,143,0,0.01,186,93,"EII","EII",66,66
"7",-49413.36,-49716.58,60,183,0,0.08,60,103,"EII","EII",77,77
"8",-49147.56,-49467.53,11,91,0.15,0.13,9,6,"EII","EII",88,88
"9",-48933.09,-49255.57,60,84,0,0.2,60,50,"EII","EII",99,99
"10",-48751.87,-49083.02,55,43,0,0,55,43,"EII","EII",110,110
