"","best_ll_s1","best_ll_s2","iter_best_s1","iter_best_s2","d_s1","d_s2","iter4sec_s1","iter4sec_s2","model_s1","model_s2","df_1","df_2"
"1",-1e+07,-1e+07,NA,NA,0,0,NA,NA,NA,NA,NA,NA
"2",-52263.87,-52386.96,44,5,0,0.12,44,1,"EII","EII",22,22
"3",-51512.42,-51703.47,182,114,0,0.03,182,56,"EII","EII",33,33
"4",-50776.94,-50944.36,142,153,0.14,0.02,25,71,"EII","EII",44,44
"5",-50058.95,-50387.89,195,183,0,0.01,195,125,"EII","EII",55,55
"6",-49745.18,-50001.34,195,200,0.04,0,39,200,"EII","EII",66,66
"7",-49413.2,-49716.54,34,20,0.21,0,26,20,"EII","EII",77,77
"8",-49147.73,-49467.67,177,48,0.16,0.19,169,20,"EII","EII",88,88
"9",-48933.08,-49255.8,54,8,0,29.8,54,2,"EII","EII",99,99
"10",-48751.02,-49083.28,178,118,0,0.06,178,45,"EII","EII",110,110
