"","best_ll_s1","best_ll_s2","iter_best_s1","iter_best_s2","d_s1","d_s2","iter4sec_s1","iter4sec_s2","model_s1","model_s2","df_1","df_2"
"1",-1e+07,-1e+07,NA,NA,0,0,NA,NA,NA,NA,NA,NA
"2",-52263.9,-52386.96,142,158,0.01,0,13,157,"EII","EII",22,22
"3",-51512.39,-51703.51,163,194,0.21,0.03,119,24,"EII","EII",33,33
"4",-50776.94,-50944.28,182,11,0.07,0.06,130,184,"EII","EII",44,44
"5",-50058.96,-50387.89,30,107,0.17,0.01,22,116,"EII","EII",55,55
"6",-49745.42,-50001.37,139,7,0.13,1.36,50,3,"EII","EII",66,66
"7",-49413.08,-49716.4,184,120,0.13,0.07,78,23,"EII","EII",77,77
"8",-49147.36,-49467.21,148,115,0.47,0.2,98,113,"EII","EII",88,88
"9",-48932.76,-49255.41,180,112,0.29,0.08,33,8,"EII","EII",99,99
"10",-48750.58,-49082.74,166,15,0.03,0.45,96,99,"EII","EII",110,110
