"","best_ll_s1","best_ll_s2","iter_best_s1","iter_best_s2","d_s1","d_s2","iter4sec_s1","iter4sec_s2","model_s1","model_s2","df_1","df_2"
"1",-1e+07,-1e+07,NA,NA,0,0,NA,NA,NA,NA,NA,NA
"2",-52263.87,-52386.97,186,137,0,0.06,155,27,"EII","EII",22,22
"3",-51512.63,-51703.48,93,142,0.07,0.03,69,57,"EII","EII",33,33
"4",-50777,-50944.34,42,21,0.18,0.04,40,3,"EII","EII",44,44
"5",-50059.02,-50387.89,165,135,0.03,0.03,132,28,"EII","EII",55,55
"6",-49745.47,-50001.29,26,103,0.1,0.26,10,11,"EII","EII",66,66
"7",-49413,-49716.45,163,130,0.24,0.05,8,27,"EII","EII",77,77
"8",-49147.47,-49467.41,71,147,0.06,0.17,16,17,"EII","EII",88,88
"9",-48933.17,-49255.65,91,118,0.02,0.21,29,54,"EII","EII",99,99
"10",-48751.13,-49082.77,64,39,0.25,0.81,13,32,"EII","EII",110,110
