"","best_ll_s1","best_ll_s2","iter_best_s1","iter_best_s2","d_s1","d_s2","iter4sec_s1","iter4sec_s2","model_s1","model_s2","df_1","df_2"
"1",-1e+07,-1e+07,NA,NA,0,0,NA,NA,NA,NA,NA,NA
"2",-52263.89,-52386.95,195,150,0,0.04,181,46,"EII","EII",22,22
"3",-51512.68,-51703.48,129,65,0.05,0.08,88,47,"EII","EII",33,33
"4",-50777.11,-50944.34,26,196,0.01,0.01,24,81,"EII","EII",44,44
"5",-50059,-50387.85,52,17,0.03,0.09,11,4,"EII","EII",55,55
"6",-49745.41,-50001.29,167,102,0.4,0.19,17,1,"EII","EII",66,66
"7",-49413.3,-49716.46,14,8,0.18,0.77,2,7,"EII","EII",77,77
"8",-49147.68,-49467.51,161,98,0.06,0.14,14,17,"EII","EII",88,88
"9",-48932.83,-49255.78,69,114,0.57,0.07,25,66,"EII","EII",99,99
"10",-48751.88,-49082.55,135,117,0.06,0.45,111,66,"EII","EII",110,110
