"","best_ll_s1","best_ll_s2","iter_best_s1","iter_best_s2","d_s1","d_s2","iter4sec_s1","iter4sec_s2","model_s1","model_s2","df_1","df_2"
"1",-1e+07,-1e+07,NA,NA,0,0,NA,NA,NA,NA,NA,NA
"2",-52263.87,-52386.98,110,157,0.07,0.01,44,66,"EII","EII",22,22
"3",-51512.52,-51703.49,45,140,0.35,0.04,31,62,"EII","EII",33,33
"4",-50777.11,-50944.29,45,172,0.04,0.06,6,48,"EII","EII",44,44
"5",-50059.01,-50387.86,118,8,0.07,0.12,115,5,"EII","EII",55,55
"6",-49745.35,-50001.42,174,148,0.14,0.13,17,134,"EII","EII",66,66
"7",-49413.05,-49716.53,83,199,0.13,0.02,81,43,"EII","EII",77,77
"8",-49147.41,-49467.55,50,195,0.44,0.15,14,16,"EII","EII",88,88
"9",-48932.98,-49255.48,172,92,0.18,0.09,159,47,"EII","EII",99,99
"10",-48750.4,-49082.45,47,92,0.87,0.91,45,45,"EII","EII",110,110
