"","best_ll_s1","best_ll_s2","iter_best_s1","iter_best_s2","d_s1","d_s2","iter4sec_s1","iter4sec_s2","model_s1","model_s2","df_1","df_2"
"1",-1e+07,-1e+07,NA,NA,0,0,NA,NA,NA,NA,NA,NA
"2",-52263.87,-52386.95,91,40,0.01,0.04,13,20,"EII","EII",22,22
"3",-51512.5,-51703.52,152,144,0.09,0.01,84,132,"EII","EII",33,33
"4",-50777.12,-50944.34,125,112,0,0.02,100,68,"EII","EII",44,44
"5",-50059.06,-50387.89,148,140,0.03,0.01,31,111,"EII","EII",55,55
"6",-49745.33,-50001.39,144,1,0.49,49950000.52,125,0,"EII","EII",66,66
"7",-49413.24,-49716.41,10,108,0.38,0.07,2,1,"EII","EII",77,77
"8",-49147.49,-49467.54,144,77,0.12,0.18,112,9,"EII","EII",88,88
"9",-48932.84,-49255.81,54,43,0.19,0.48,35,30,"EII","EII",99,99
"10",-48750.77,-49082.49,154,86,0.26,0.39,51,31,"EII","EII",110,110
