"","best_ll_s1","best_ll_s2","iter_best_s1","iter_best_s2","d_s1","d_s2","iter4sec_s1","iter4sec_s2","model_s1","model_s2","df_1","df_2"
"1",-1e+07,-1e+07,NA,NA,0,0,NA,NA,NA,NA,NA,NA
"2",-52263.89,-52386.98,88,39,0.03,0.05,29,24,"EII","EII",22,22
"3",-51512.57,-51703.47,26,32,0.4,0.13,25,9,"EII","EII",33,33
"4",-50777.13,-50944.3,104,122,0.01,0.05,39,79,"EII","EII",44,44
"5",-50058.98,-50387.87,77,65,0.09,0.02,15,15,"EII","EII",55,55
"6",-49745.18,-50001.48,195,117,0.09,0.02,144,96,"EII","EII",66,66
"7",-49413.12,-49716.38,179,58,0.08,0.21,26,11,"EII","EII",77,77
"8",-49148.02,-49467.49,117,177,0.06,0.1,3,27,"EII","EII",88,88
"9",-48932.38,-49255.64,28,101,0.9,0.21,17,9,"EII","EII",99,99
"10",-48750.43,-49082.84,128,66,0.89,0.62,54,11,"EII","EII",110,110
