"","best_ll_s1","best_ll_s2","iter_best_s1","iter_best_s2","d_s1","d_s2","iter4sec_s1","iter4sec_s2","model_s1","model_s2","df_1","df_2"
"1",-1e+07,-1e+07,NA,NA,0,0,NA,NA,NA,NA,NA,NA
"2",-52263.88,-52386.99,191,59,0,0,120,59,"EII","EII",22,22
"3",-51512.51,-51703.48,132,150,0.19,0.02,121,67,"EII","EII",33,33
"4",-50777.07,-50944.31,140,78,0.01,0,106,78,"EII","EII",44,44
"5",-50058.99,-50387.89,76,89,0.14,0,46,89,"EII","EII",55,55
"6",-49745.54,-50001.38,147,126,0.03,0.03,125,25,"EII","EII",66,66
"7",-49413.29,-49716.38,176,174,0,0.23,176,153,"EII","EII",77,77
"8",-49147.5,-49467.35,82,98,0.69,0,81,98,"EII","EII",88,88
"9",-48933.37,-49255.46,24,131,0,0.22,24,8,"EII","EII",99,99
"10",-48750.56,-49082.38,59,88,0,0,59,88,"EII","EII",110,110
