"","best_ll_s1","best_ll_s2","iter_best_s1","iter_best_s2","d_s1","d_s2","iter4sec_s1","iter4sec_s2","model_s1","model_s2","df_1","df_2"
"1",-1e+07,-1e+07,NA,NA,0,0,NA,NA,NA,NA,NA,NA
"2",-52263.88,-52386.96,5,140,0,0,5,86,"EII","EII",22,22
"3",-51512.32,-51703.52,69,40,0.33,0,34,40,"EII","EII",33,33
"4",-50776.98,-50944.34,4,107,0.3,0,3,107,"EII","EII",44,44
"5",-50059,-50387.87,46,99,0.1,0,11,99,"EII","EII",55,55
"6",-49745.42,-50001.42,128,30,0,0,128,30,"EII","EII",66,66
"7",-49413.16,-49716.62,62,39,0.23,0,33,39,"EII","EII",77,77
"8",-49147.43,-49467.45,183,69,0.18,0.08,40,38,"EII","EII",88,88
"9",-48932.91,-49255.61,117,176,0.39,0,10,176,"EII","EII",99,99
"10",-48751.66,-49083.2,150,73,0,0.27,150,70,"EII","EII",110,110
