"","best_ll_s1","best_ll_s2","iter_best_s1","iter_best_s2","d_s1","d_s2","iter4sec_s1","iter4sec_s2","model_s1","model_s2","df_1","df_2"
"1",-1e+07,-1e+07,NA,NA,0,0,NA,NA,NA,NA,NA,NA
"2",-52263.88,-52386.98,34,72,0.04,0,32,72,"EII","EII",22,22
"3",-51512.56,-51703.47,25,63,0.11,0.11,23,57,"EII","EII",33,33
"4",-50776.99,-50944.32,154,137,0,0.02,154,87,"EII","EII",44,44
"5",-50059,-50387.88,112,126,0,0,112,126,"EII","EII",55,55
"6",-49745.67,-50001.39,152,190,0,0.04,152,90,"EII","EII",66,66
"7",-49413.31,-49716.48,6,98,0,0,6,98,"EII","EII",77,77
"8",-49147.43,-49467.57,88,149,0,0.01,88,139,"EII","EII",88,88
"9",-48933.28,-49255.73,122,165,0.17,0,14,165,"EII","EII",99,99
"10",-48750.5,-49082.45,149,196,0.65,0.19,52,148,"EII","EII",110,110
