"","best_ll_s1","best_ll_s2","iter_best_s1","iter_best_s2","d_s1","d_s2","iter4sec_s1","iter4sec_s2","model_s1","model_s2","df_1","df_2"
"1",-1e+07,-1e+07,NA,NA,0,0,NA,NA,NA,NA,NA,NA
"2",-52263.89,-52386.98,192,188,0,0.01,192,94,"EII","EII",22,22
"3",-51512.59,-51703.49,100,81,0.07,0.01,94,36,"EII","EII",33,33
"4",-50777.01,-50944.29,53,73,0.1,0,46,73,"EII","EII",44,44
"5",-50058.91,-50387.88,102,157,0.15,0.06,79,43,"EII","EII",55,55
"6",-49745.54,-50001.06,45,132,0.04,0.25,23,27,"EII","EII",66,66
"7",-49413.22,-49716.39,83,108,0.27,0,5,108,"EII","EII",77,77
"8",-49147.92,-49467.57,18,165,0,0.3,18,27,"EII","EII",88,88
"9",-48933.22,-49255.65,136,7,0.24,1.89,79,1,"EII","EII",99,99
"10",-48750.76,-49082.42,51,56,0.61,0,28,56,"EII","EII",110,110
