"","best_ll_s1","best_ll_s2","iter_best_s1","iter_best_s2","d_s1","d_s2","iter4sec_s1","iter4sec_s2","model_s1","model_s2","df_1","df_2"
"1",-1e+07,-1e+07,NA,NA,0,0,NA,NA,NA,NA,NA,NA
"2",-52263.9,-52386.96,152,65,0,0.08,98,60,"EII","EII",22,22
"3",-51512.55,-51703.5,164,105,0.06,0,137,12,"EII","EII",33,33
"4",-50776.99,-50944.33,190,19,0.12,0.18,179,7,"EII","EII",44,44
"5",-50059.06,-50387.87,71,31,0.1,0.06,8,5,"EII","EII",55,55
"6",-49745.32,-50001.31,190,82,0.25,0.11,60,37,"EII","EII",66,66
"7",-49413.17,-49716.61,135,3,0.05,27.15,68,2,"EII","EII",77,77
"8",-49147.66,-49467.61,101,15,0.21,2.27,94,12,"EII","EII",88,88
"9",-48932.78,-49255.39,111,14,0.13,1.23,18,2,"EII","EII",99,99
"10",-48751.2,-49083.37,72,25,0.36,1.02,40,8,"EII","EII",110,110
