"","best_ll_s1","best_ll_s2","iter_best_s1","iter_best_s2","d_s1","d_s2","iter4sec_s1","iter4sec_s2","model_s1","model_s2","df_1","df_2"
"1",-1e+07,-1e+07,NA,NA,0,0,NA,NA,NA,NA,NA,NA
"2",-52263.87,-52386.96,81,115,0.01,0.32,66,114,"EII","EII",22,22
"3",-51512.56,-51703.53,26,138,0.37,0,11,167,"EII","EII",33,33
"4",-50777.01,-50944.26,30,169,0.24,0.07,1,23,"EII","EII",44,44
"5",-50059.02,-50387.83,168,89,0.02,0.04,74,20,"EII","EII",55,55
"6",-49745.35,-50001.32,98,86,0.24,0.03,19,173,"EII","EII",66,66
"7",-49412.94,-49716.24,144,120,0.13,0.26,51,58,"EII","EII",77,77
"8",-49147.69,-49467.28,152,179,0.04,0.32,36,157,"EII","EII",88,88
"9",-48933.02,-49255.86,43,148,0.43,0,6,173,"EII","EII",99,99
"10",-48750.45,-49082.33,104,91,0.22,0.81,48,59,"EII","EII",110,110
