"","best_ll_s1","best_ll_s2","iter_best_s1","iter_best_s2","d_s1","d_s2","iter4sec_s1","iter4sec_s2","model_s1","model_s2","df_1","df_2"
"1",-1e+07,-1e+07,NA,NA,0,0,NA,NA,NA,NA,NA,NA
"2",-52263.9,-52386.96,178,167,0,0,178,167,"EII","EII",22,22
"3",-51512.46,-51703.48,136,135,0.04,0.02,17,63,"EII","EII",33,33
"4",-50777.01,-50944.26,158,25,0.1,0,10,25,"EII","EII",44,44
"5",-50059.02,-50387.89,16,69,0.2,0.04,10,5,"EII","EII",55,55
"6",-49745.39,-50001.21,109,14,0.04,0,10,14,"EII","EII",66,66
"7",-49413.18,-49716.47,88,58,0,0.24,88,11,"EII","EII",77,77
"8",-49147.62,-49467.54,152,117,0.31,0.28,114,86,"EII","EII",88,88
"9",-48933,-49255.65,21,80,0.58,0,11,80,"EII","EII",99,99
"10",-48751.34,-49082.82,108,188,0,0.57,108,177,"EII","EII",110,110
