"","best_ll_s1","best_ll_s2","iter_best_s1","iter_best_s2","d_s1","d_s2","iter4sec_s1","iter4sec_s2","model_s1","model_s2","df_1","df_2"
"1",-1e+07,-1e+07,NA,NA,0,0,NA,NA,NA,NA,NA,NA
"2",-52263.88,-52386.97,9,66,0.28,0.02,3,3,"EII","EII",22,22
"3",-51512.69,-51703.52,55,19,0.04,0.02,34,1,"EII","EII",33,33
"4",-50777.08,-50944.34,83,4,0.06,0.49,61,3,"EII","EII",44,44
"5",-50059,-50387.89,54,100,0.15,0.04,16,9,"EII","EII",55,55
"6",-49745.53,-50001.35,155,132,0.02,0.12,59,127,"EII","EII",66,66
"7",-49413,-49716.55,135,24,0.15,0.38,87,21,"EII","EII",77,77
"8",-49147.96,-49467.42,191,40,0.01,0.55,94,1,"EII","EII",88,88
"9",-48932.74,-49255.48,53,54,0.45,0.55,11,13,"EII","EII",99,99
"10",-48750.39,-49083.14,136,120,0.58,0.25,18,94,"EII","EII",110,110
