"","best_ll_s1","best_ll_s2","iter_best_s1","iter_best_s2","d_s1","d_s2","iter4sec_s1","iter4sec_s2","model_s1","model_s2","df_1","df_2"
"1",-1e+07,-1e+07,NA,NA,0,0,NA,NA,NA,NA,NA,NA
"2",-52263.87,-52386.97,195,57,0,0,195,57,"EII","EII",22,22
"3",-51512.47,-51703.54,136,69,0,0.03,136,45,"EII","EII",33,33
"4",-50777.03,-50944.29,98,192,0.08,0,16,192,"EII","EII",44,44
"5",-50059.02,-50387.88,160,147,0.06,0.04,114,122,"EII","EII",55,55
"6",-49745.33,-50001.08,160,38,0,0,160,38,"EII","EII",66,66
"7",-49413.21,-49716.47,152,12,0,0.46,152,9,"EII","EII",77,77
"8",-49147.35,-49467.65,130,188,0,0.15,130,92,"EII","EII",88,88
"9",-48932.73,-49255.49,107,69,0,0,107,69,"EII","EII",99,99
"10",-48751.04,-49083.01,37,119,0.21,0.02,7,11,"EII","EII",110,110
