"","best_ll_s1","best_ll_s2","iter_best_s1","iter_best_s2","d_s1","d_s2","iter4sec_s1","iter4sec_s2","model_s1","model_s2","df_1","df_2"
"1",-1e+07,-1e+07,NA,NA,0,0,NA,NA,NA,NA,NA,NA
"2",-52263.87,-52386.96,190,187,0.02,0.03,41,180,"EII","EII",22,22
"3",-51512.54,-51703.5,165,106,0.16,0.01,50,25,"EII","EII",33,33
"4",-50777.02,-50944.24,142,11,0,0.14,142,4,"EII","EII",44,44
"5",-50059.05,-50387.88,197,187,0.04,0.04,121,29,"EII","EII",55,55
"6",-49745.52,-50001.36,102,49,0.09,0.21,14,43,"EII","EII",66,66
"7",-49413.04,-49716.63,114,92,0.01,0.05,96,63,"EII","EII",77,77
"8",-49147.77,-49467.46,124,165,0.1,0.14,99,95,"EII","EII",88,88
"9",-48933.26,-49256,25,169,0.85,0,3,169,"EII","EII",99,99
"10",-48750.38,-49083.23,9,196,0,0.11,9,139,"EII","EII",110,110
