"","best_ll_s1","best_ll_s2","iter_best_s1","iter_best_s2","d_s1","d_s2","iter4sec_s1","iter4sec_s2","model_s1","model_s2","df_1","df_2"
"1",-1e+07,-1e+07,NA,NA,0,0,NA,NA,NA,NA,NA,NA
"2",-52263.93,-52386.97,128,63,0.02,0.04,84,37,"EII","EII",22,22
"3",-51512.32,-51703.49,126,22,0.38,0.14,87,2,"EII","EII",33,33
"4",-50777.07,-50944.33,18,143,0.26,0.01,16,135,"EII","EII",44,44
"5",-50058.99,-50387.89,14,196,0.27,0.01,4,66,"EII","EII",55,55
"6",-49745.52,-50001.41,10,193,0.62,0.02,8,126,"EII","EII",66,66
"7",-49413.21,-49716.75,20,153,0.38,0.15,10,137,"EII","EII",77,77
"8",-49147.67,-49467.39,132,162,0.22,0.12,65,126,"EII","EII",88,88
"9",-48932.94,-49255.93,2,26,120.71,0.59,1,23,"EII","EII",99,99
"10",-48750.54,-49082.92,101,197,0.3,0.34,96,54,"EII","EII",110,110
