"","best_ll_s1","best_ll_s2","iter_best_s1","iter_best_s2","d_s1","d_s2","iter4sec_s1","iter4sec_s2","model_s1","model_s2","df_1","df_2"
"1",-1e+07,-1e+07,NA,NA,0,0,NA,NA,NA,NA,NA,NA
"2",-52263.88,-52386.95,90,38,0.01,0.08,39,28,"EII","EII",22,22
"3",-51512.32,-51703.36,190,82,0.09,0.11,7,38,"EII","EII",33,33
"4",-50777.04,-50944.35,180,79,0.02,0.01,15,50,"EII","EII",44,44
"5",-50059.02,-50387.88,29,162,0.07,0.01,4,141,"EII","EII",55,55
"6",-49745.31,-50001.35,164,93,0.31,0.06,46,34,"EII","EII",66,66
"7",-49412.96,-49716.55,174,164,0.21,0.02,67,35,"EII","EII",77,77
"8",-49147.44,-49467.54,124,151,0.5,0,16,25,"EII","EII",88,88
"9",-48932.74,-49255.95,182,11,0.21,60.53,84,7,"EII","EII",99,99
"10",-48750.87,-49082.42,196,29,0.58,0.22,183,11,"EII","EII",110,110
