"","best_ll_s1","best_ll_s2","iter_best_s1","iter_best_s2","d_s1","d_s2","iter4sec_s1","iter4sec_s2","model_s1","model_s2","df_1","df_2"
"1",-1e+07,-1e+07,NA,NA,0,0,NA,NA,NA,NA,NA,NA
"2",-52263.89,-52386.94,60,88,0,0.02,60,49,"EII","EII",22,22
"3",-51512.61,-51703.45,70,141,0.03,0,57,141,"EII","EII",33,33
"4",-50777.07,-50944.28,37,154,0.08,0,7,154,"EII","EII",44,44
"5",-50059.02,-50387.89,30,40,0,0.05,30,36,"EII","EII",55,55
"6",-49745.3,-50001.35,6,97,0,0,6,83,"EII","EII",66,66
"7",-49413.2,-49716.58,97,200,0,0.04,97,142,"EII","EII",77,77
"8",-49147.88,-49467.65,191,166,0,0.03,191,130,"EII","EII",88,88
"9",-48933.1,-49255.61,192,20,0.14,0.45,36,2,"EII","EII",99,99
"10",-48750.75,-49082.44,76,45,0,1.05,76,4,"EII","EII",110,110
