"","best_ll_s1","best_ll_s2","iter_best_s1","iter_best_s2","d_s1","d_s2","iter4sec_s1","iter4sec_s2","model_s1","model_s2","df_1","df_2"
"1",-1e+07,-1e+07,NA,NA,0,0,NA,NA,NA,NA,NA,NA
"2",-52263.88,-52386.97,56,77,0,0.02,56,70,"EII","EII",22,22
"3",-51512.62,-51703.41,100,158,0,0,99,158,"EII","EII",33,33
"4",-50777.09,-50944.29,149,3,0.03,0.67,21,2,"EII","EII",44,44
"5",-50059,-50387.85,32,169,0,0.07,32,95,"EII","EII",55,55
"6",-49745.35,-50001.28,167,193,0.12,0.05,67,166,"EII","EII",66,66
"7",-49413.24,-49716.49,26,85,0.46,0.15,20,35,"EII","EII",77,77
"8",-49147.47,-49467.51,153,58,0.15,0.36,30,9,"EII","EII",88,88
"9",-48932.92,-49255.66,125,41,0.08,0,42,41,"EII","EII",99,99
"10",-48749.63,-49082.55,196,11,0,0.79,196,4,"EII","EII",110,110
