"","best_ll_s1","best_ll_s2","iter_best_s1","iter_best_s2","d_s1","d_s2","iter4sec_s1","iter4sec_s2","model_s1","model_s2","df_1","df_2"
"1",-1e+07,-1e+07,NA,NA,0,0,NA,NA,NA,NA,NA,NA
"2",-52263.88,-52386.95,57,175,0.27,0.02,22,103,"EII","EII",22,22
"3",-51512.48,-51703.55,9,179,0.52,0,7,179,"EII","EII",33,33
"4",-50777.04,-50944.33,160,187,0.07,0,56,187,"EII","EII",44,44
"5",-50059.07,-50387.91,175,151,0.02,0,7,151,"EII","EII",55,55
"6",-49745.28,-50001.14,56,140,0.17,0,22,140,"EII","EII",66,66
"7",-49413.18,-49716.49,101,92,0,0.03,101,74,"EII","EII",77,77
"8",-49147.63,-49467.42,194,53,0,0,194,53,"EII","EII",88,88
"9",-48932.52,-49255.82,133,6,0,0,133,6,"EII","EII",99,99
"10",-48750.89,-49082.75,179,143,0,0,179,143,"EII","EII",110,110
