"","best_ll_s1","best_ll_s2","iter_best_s1","iter_best_s2","d_s1","d_s2","iter4sec_s1","iter4sec_s2","model_s1","model_s2","df_1","df_2"
"1",-1e+07,-1e+07,NA,NA,0,0,NA,NA,NA,NA,NA,NA
"2",-52263.88,-52386.95,66,147,0.03,0.01,5,76,"EII","EII",22,22
"3",-51512.45,-51703.56,91,155,0.31,0.01,5,5,"EII","EII",33,33
"4",-50777.03,-50944.33,81,113,0.09,0,8,16,"EII","EII",44,44
"5",-50059.1,-50387.88,86,57,0.03,0.15,73,39,"EII","EII",55,55
"6",-49745.62,-50001.36,167,188,0.05,0.01,115,154,"EII","EII",66,66
"7",-49413.42,-49716.61,186,171,0.01,0.05,154,159,"EII","EII",77,77
"8",-49147.72,-49467.48,45,122,0.29,0.11,5,42,"EII","EII",88,88
"9",-48932.84,-49255.72,114,37,0.14,0.72,52,13,"EII","EII",99,99
"10",-48750.95,-49083.14,135,52,0.18,0.63,94,45,"EII","EII",110,110
