"","best_ll_s1","best_ll_s2","iter_best_s1","iter_best_s2","d_s1","d_s2","iter4sec_s1","iter4sec_s2","model_s1","model_s2","df_1","df_2"
"1",-1e+07,-1e+07,NA,NA,0,0,NA,NA,NA,NA,NA,NA
"2",-52263.87,-52386.96,72,182,0.08,0.01,18,175,"EII","EII",22,22
"3",-51512.55,-51703.47,92,115,0.05,0.04,178,109,"EII","EII",33,33
"4",-50776.97,-50944.33,188,105,0.12,0.02,84,130,"EII","EII",44,44
"5",-50059.03,-50387.85,106,4,0.04,0.8,82,2,"EII","EII",55,55
"6",-49745.36,-50001.34,14,190,0.7,0,1,137,"EII","EII",66,66
"7",-49413.02,-49716.47,92,130,0.09,0.11,27,163,"EII","EII",77,77
"8",-49147.57,-49467.38,66,183,0.22,0.11,54,122,"EII","EII",88,88
"9",-48932.85,-49255.35,23,8,0.1,0.12,7,10,"EII","EII",99,99
"10",-48750.68,-49082.37,87,46,0.18,0.28,158,38,"EII","EII",110,110
