"","best_ll_s1","best_ll_s2","iter_best_s1","iter_best_s2","d_s1","d_s2","iter4sec_s1","iter4sec_s2","model_s1","model_s2","df_1","df_2"
"1",-1e+07,-1e+07,NA,NA,0,0,NA,NA,NA,NA,NA,NA
"2",-52263.88,-52386.96,169,117,0.01,0,166,117,"EII","EII",22,22
"3",-51512.36,-51703.54,111,186,0,0,111,186,"EII","EII",33,33
"4",-50776.99,-50944.33,159,127,0,0,159,127,"EII","EII",44,44
"5",-50058.95,-50387.84,81,55,0.07,0,37,55,"EII","EII",55,55
"6",-49745.3,-50001.25,10,26,0,0,10,26,"EII","EII",66,66
"7",-49413.27,-49716.48,152,54,0.11,0.06,135,35,"EII","EII",77,77
"8",-49147.41,-49467.39,170,85,0.5,0,168,85,"EII","EII",88,88
"9",-48932.51,-49255.58,148,76,0.33,0,146,76,"EII","EII",99,99
"10",-48750.4,-49082.66,178,76,0.43,0,114,76,"EII","EII",110,110
