"","best_ll_s1","best_ll_s2","iter_best_s1","iter_best_s2","d_s1","d_s2","iter4sec_s1","iter4sec_s2","model_s1","model_s2","df_1","df_2"
"1",-1e+07,-1e+07,NA,NA,0,0,NA,NA,NA,NA,NA,NA
"2",-52263.89,-52386.96,25,19,0.11,0.1,18,17,"EII","EII",22,22
"3",-51512.54,-51703.55,108,2,0.05,250.45,45,1,"EII","EII",33,33
"4",-50776.98,-50944.29,91,8,0.06,0.11,17,3,"EII","EII",44,44
"5",-50058.99,-50387.91,65,26,0,0,65,26,"EII","EII",55,55
"6",-49745.59,-50001.38,189,37,0,0,189,37,"EII","EII",66,66
"7",-49413.39,-49716.42,110,41,0.15,0,103,41,"EII","EII",77,77
"8",-49147.32,-49467.63,63,4,0,74.78,63,2,"EII","EII",88,88
"9",-48933.06,-49255.4,79,78,0.06,0,14,78,"EII","EII",99,99
"10",-48750.65,-49083.34,106,60,0.29,0.52,33,9,"EII","EII",110,110
