"","best_ll_s1","best_ll_s2","iter_best_s1","iter_best_s2","d_s1","d_s2","iter4sec_s1","iter4sec_s2","model_s1","model_s2","df_1","df_2"
"1",-1e+07,-1e+07,NA,NA,0,0,NA,NA,NA,NA,NA,NA
"2",-52263.88,-52386.97,169,32,0.01,0,98,32,"EII","EII",22,22
"3",-51512.54,-51703.43,70,58,0,0.05,70,41,"EII","EII",33,33
"4",-50777.12,-50944.33,85,62,0.01,0.05,26,5,"EII","EII",44,44
"5",-50059.03,-50387.88,66,30,0.03,0,43,30,"EII","EII",55,55
"6",-49745.44,-50001.16,105,144,0,0,105,144,"EII","EII",66,66
"7",-49413.06,-49716.57,130,200,0,0,130,200,"EII","EII",77,77
"8",-49147.6,-49467.57,15,7,0.52,0.54,4,2,"EII","EII",88,88
"9",-48932.98,-49255.64,121,194,0,0,121,194,"EII","EII",99,99
"10",-48750.66,-49082.51,195,113,0.23,0.25,63,35,"EII","EII",110,110
