"","best_ll_s1","best_ll_s2","iter_best_s1","iter_best_s2","d_s1","d_s2","iter4sec_s1","iter4sec_s2","model_s1","model_s2","df_1","df_2"
"1",-1e+07,-1e+07,NA,NA,0,0,NA,NA,NA,NA,NA,NA
"2",-52263.88,-52387,134,21,0.02,0.15,76,16,"EII","EII",22,22
"3",-51512.5,-51703.54,196,3,0.13,0.17,187,2,"EII","EII",33,33
"4",-50777.11,-50944.3,156,196,0.02,0.05,96,87,"EII","EII",44,44
"5",-50058.97,-50387.83,85,92,0.03,0.07,64,38,"EII","EII",55,55
"6",-49745.37,-50001.42,188,19,0.13,0.06,110,11,"EII","EII",66,66
"7",-49413.31,-49716.61,25,107,0.53,0.03,14,82,"EII","EII",77,77
"8",-49147.5,-49467.38,191,123,0.12,0.21,34,119,"EII","EII",88,88
"9",-48932.66,-49255.73,84,188,0.14,0.1,31,155,"EII","EII",99,99
"10",-48751.12,-49082.3,164,115,0.19,1.17,147,103,"EII","EII",110,110
