"","best_ll_s1","best_ll_s2","iter_best_s1","iter_best_s2","d_s1","d_s2","iter4sec_s1","iter4sec_s2","model_s1","model_s2","df_1","df_2"
"1",-1e+07,-1e+07,NA,NA,0,0,NA,NA,NA,NA,NA,NA
"2",-52263.87,-52386.96,158,19,0.02,0.06,103,12,"EII","EII",22,22
"3",-51512.61,-51703.44,48,152,0.37,0.01,39,46,"EII","EII",33,33
"4",-50777.01,-50944.27,34,192,0.14,0.1,12,166,"EII","EII",44,44
"5",-50059.01,-50387.84,49,97,0.1,0.09,21,77,"EII","EII",55,55
"6",-49745.69,-50001.33,198,151,0.04,0.06,128,75,"EII","EII",66,66
"7",-49413.21,-49716.43,188,102,0.06,0.15,64,50,"EII","EII",77,77
"8",-49147.62,-49467.59,188,8,0.26,2.51,177,3,"EII","EII",88,88
"9",-48932.79,-49255.55,110,141,0.21,0.29,20,64,"EII","EII",99,99
"10",-48750.1,-49082.9,75,80,0.29,1.73,20,42,"EII","EII",110,110
