"","best_ll_s1","best_ll_s2","iter_best_s1","iter_best_s2","d_s1","d_s2","iter4sec_s1","iter4sec_s2","model_s1","model_s2","df_1","df_2"
"1",-1e+07,-1e+07,NA,NA,0,0,NA,NA,NA,NA,NA,NA
"2",-52263.92,-52386.97,116,53,0.11,0,69,53,"EII","EII",22,22
"3",-51512.38,-51703.49,61,43,0,0.09,61,35,"EII","EII",33,33
"4",-50776.98,-50944.35,29,130,0.1,0,5,130,"EII","EII",44,44
"5",-50058.97,-50387.89,161,115,0,0,161,115,"EII","EII",55,55
"6",-49745.53,-50001.35,70,149,0.15,0.01,61,94,"EII","EII",66,66
"7",-49413.15,-49716.57,74,117,0,0,74,117,"EII","EII",77,77
"8",-49147.55,-49467.38,199,167,0,0,199,167,"EII","EII",88,88
"9",-48932.69,-49255.53,181,158,0,0,181,158,"EII","EII",99,99
"10",-48751.08,-49082.54,185,151,0.12,0,11,151,"EII","EII",110,110
