"","best_ll_s1","best_ll_s2","iter_best_s1","iter_best_s2","d_s1","d_s2","iter4sec_s1","iter4sec_s2","model_s1","model_s2","df_1","df_2"
"1",-1e+07,-1e+07,NA,NA,0,0,NA,NA,NA,NA,NA,NA
"2",-52263.88,-52386.97,99,2,0,0.37,99,1,"EII","EII",22,22
"3",-51512.35,-51703.54,118,177,0,0.01,118,84,"EII","EII",33,33
"4",-50777.12,-50944.33,70,109,0,0,21,109,"EII","EII",44,44
"5",-50059.08,-50387.89,21,164,0,0.03,21,3,"EII","EII",55,55
"6",-49745.43,-50001.41,120,151,0,0,120,151,"EII","EII",66,66
"7",-49413.22,-49716.58,184,146,0.11,0.05,7,46,"EII","EII",77,77
"8",-49147.46,-49467.6,120,72,0.3,0,13,72,"EII","EII",88,88
"9",-48932.83,-49255.27,150,95,0,0,150,95,"EII","EII",99,99
"10",-48749.99,-49082.71,150,95,0,0,150,95,"EII","EII",110,110
