"","best_ll_s1","best_ll_s2","iter_best_s1","iter_best_s2","d_s1","d_s2","iter4sec_s1","iter4sec_s2","model_s1","model_s2","df_1","df_2"
"1",-1e+07,-1e+07,NA,NA,0,0,NA,NA,NA,NA,NA,NA
"2",-52263.87,-52386.97,64,96,0.04,0,61,9,"EII","EII",22,22
"3",-51512.25,-51703.42,40,12,0.45,0.23,34,5,"EII","EII",33,33
"4",-50777.07,-50944.3,11,149,0.17,0.05,3,104,"EII","EII",44,44
"5",-50059.07,-50387.85,162,19,0.02,0.11,31,16,"EII","EII",55,55
"6",-49745.17,-50001.45,83,72,0.41,0.1,77,15,"EII","EII",66,66
"7",-49413.22,-49716.44,174,34,0.25,0.3,18,22,"EII","EII",77,77
"8",-49147.51,-49467.3,76,182,0.19,0.25,37,5,"EII","EII",88,88
"9",-48932.64,-49255.55,199,145,0.22,0.37,10,116,"EII","EII",99,99
"10",-48751.25,-49082.88,101,132,0.45,0.17,100,36,"EII","EII",110,110
