"","best_ll_s1","best_ll_s2","iter_best_s1","iter_best_s2","d_s1","d_s2","iter4sec_s1","iter4sec_s2","model_s1","model_s2","df_1","df_2"
"1",-1e+07,-1e+07,NA,NA,0,0,NA,NA,NA,NA,NA,NA
"2",-52263.88,-52386.97,106,143,0.01,0,23,84,"EII","EII",22,22
"3",-51512.51,-51703.55,148,164,0.17,0.02,36,146,"EII","EII",33,33
"4",-50777.09,-50944.34,199,62,0.02,0.03,135,18,"EII","EII",44,44
"5",-50059.06,-50387.83,141,44,0.02,0.06,123,5,"EII","EII",55,55
"6",-49745.83,-50001.27,161,142,0.08,0.05,10,115,"EII","EII",66,66
"7",-49413.11,-49716.52,6,183,0.59,0.02,1,71,"EII","EII",77,77
"8",-49147.53,-49467.51,41,38,0.24,0.31,23,25,"EII","EII",88,88
"9",-48932.62,-49255.78,16,137,1.38,0,4,40,"EII","EII",99,99
"10",-48751.13,-49082.89,106,38,0.35,0.48,41,1,"EII","EII",110,110
