"","best_ll_s1","best_ll_s2","iter_best_s1","iter_best_s2","d_s1","d_s2","iter4sec_s1","iter4sec_s2","model_s1","model_s2","df_1","df_2"
"1",-1e+07,-1e+07,NA,NA,0,0,NA,NA,NA,NA,NA,NA
"2",-52263.9,-52386.97,122,50,0.04,0.01,72,32,"EII","EII",22,22
"3",-51512.49,-51703.46,16,22,0.75,0.15,5,21,"EII","EII",33,33
"4",-50777.06,-50944.3,46,48,0.08,0.04,10,1,"EII","EII",44,44
"5",-50059.03,-50387.82,156,135,0.03,0.01,11,25,"EII","EII",55,55
"6",-49745.29,-50001.43,182,21,0.45,0.06,102,19,"EII","EII",66,66
"7",-49412.93,-49716.67,195,83,0.22,0.07,26,30,"EII","EII",77,77
"8",-49147.58,-49467.6,195,100,0.12,0.02,53,33,"EII","EII",88,88
"9",-48932.61,-49255.66,59,99,0.65,0.08,26,62,"EII","EII",99,99
"10",-48751.07,-49083.41,86,17,0.11,22.87,74,2,"EII","EII",110,110
