"","best_ll_s1","best_ll_s2","iter_best_s1","iter_best_s2","d_s1","d_s2","iter4sec_s1","iter4sec_s2","model_s1","model_s2","df_1","df_2"
"1",-1e+07,-1e+07,NA,NA,0,0,NA,NA,NA,NA,NA,NA
"2",-52263.87,-52386.96,162,163,0.01,0,15,55,"EII","EII",22,22
"3",-51512.45,-51703.49,92,27,0.23,0,16,26,"EII","EII",33,33
"4",-50776.96,-50944.33,183,166,0.06,0.05,98,16,"EII","EII",44,44
"5",-50059.02,-50387.89,73,149,0.03,0.04,46,148,"EII","EII",55,55
"6",-49745.35,-50001.24,164,122,0.01,0.11,200,80,"EII","EII",66,66
"7",-49413.41,-49716.38,166,91,0.03,0.12,33,169,"EII","EII",77,77
"8",-49147.59,-49467.35,49,69,0.09,0.16,20,34,"EII","EII",88,88
"9",-48932.69,-49255.44,86,97,0.52,0.09,66,85,"EII","EII",99,99
"10",-48751.32,-49082.66,7,146,2.2,0.67,3,22,"EII","EII",110,110
