"","best_ll_s1","best_ll_s2","iter_best_s1","iter_best_s2","d_s1","d_s2","iter4sec_s1","iter4sec_s2","model_s1","model_s2","df_1","df_2"
"1",-1e+07,-1e+07,NA,NA,0,0,NA,NA,NA,NA,NA,NA
"2",-52263.87,-52386.98,108,92,0,0.02,108,80,"EII","EII",22,22
"3",-51512.7,-51703.47,171,50,0.06,0.15,63,16,"EII","EII",33,33
"4",-50777.09,-50944.35,109,34,0.01,0,6,34,"EII","EII",44,44
"5",-50058.94,-50387.86,36,188,0,0,36,188,"EII","EII",55,55
"6",-49745.65,-50001.29,66,181,0.14,0,57,181,"EII","EII",66,66
"7",-49413.34,-49716.65,132,113,0,0.16,132,105,"EII","EII",77,77
"8",-49147.79,-49467.48,98,96,0,0,98,96,"EII","EII",88,88
"9",-48933.2,-49255.49,92,198,0.18,0.07,62,166,"EII","EII",99,99
"10",-48751.23,-49082.75,71,66,0.16,0,53,66,"EII","EII",110,110
