"","best_ll_s1","best_ll_s2","iter_best_s1","iter_best_s2","d_s1","d_s2","iter4sec_s1","iter4sec_s2","model_s1","model_s2","df_1","df_2"
"1",-1e+07,-1e+07,NA,NA,0,0,NA,NA,NA,NA,NA,NA
"2",-52263.88,-52386.99,175,7,0.01,0.22,38,1,"EII","EII",22,22
"3",-51512.68,-51703.51,59,162,0.02,0.01,22,29,"EII","EII",33,33
"4",-50777.02,-50944.25,85,118,0.07,0,53,118,"EII","EII",44,44
"5",-50058.98,-50387.91,46,158,0,0,46,158,"EII","EII",55,55
"6",-49745.49,-50001.35,163,159,0.11,0.06,127,71,"EII","EII",66,66
"7",-49413.08,-49716.53,57,95,0.35,0.03,44,31,"EII","EII",77,77
"8",-49147.5,-49467.61,135,112,0.12,0,41,112,"EII","EII",88,88
"9",-48932.96,-49255.92,36,69,0,0.59,36,63,"EII","EII",99,99
"10",-48750.84,-49083.15,38,159,0,0.02,38,68,"EII","EII",110,110
