"","best_ll_s1","best_ll_s2","iter_best_s1","iter_best_s2","d_s1","d_s2","iter4sec_s1","iter4sec_s2","model_s1","model_s2","df_1","df_2"
"1",-1e+07,-1e+07,NA,NA,0,0,NA,NA,NA,NA,NA,NA
"2",-52263.86,-52386.99,22,136,0.14,0,18,136,"EII","EII",22,22
"3",-51512.46,-51703.52,31,188,0.32,0,13,188,"EII","EII",33,33
"4",-50777.03,-50944.32,42,149,0.02,0.01,17,21,"EII","EII",44,44
"5",-50058.99,-50387.87,167,164,0,0,167,164,"EII","EII",55,55
"6",-49745.47,-50001.36,169,178,0.02,0.03,41,149,"EII","EII",66,66
"7",-49413.03,-49716.24,195,77,0.05,0.58,42,75,"EII","EII",77,77
"8",-49147.59,-49467.52,7,9,0,0.77,7,3,"EII","EII",88,88
"9",-48932.84,-49255.25,14,118,0.5,0,5,118,"EII","EII",99,99
"10",-48750.74,-49082.5,98,15,1.2,0,15,15,"EII","EII",110,110
