"","best_ll_s1","best_ll_s2","iter_best_s1","iter_best_s2","d_s1","d_s2","iter4sec_s1","iter4sec_s2","model_s1","model_s2","df_1","df_2"
"1",-1e+07,-1e+07,NA,NA,0,0,NA,NA,NA,NA,NA,NA
"2",-52263.89,-52386.98,189,60,0.04,0.04,124,50,"EII","EII",22,22
"3",-51512.58,-51703.56,76,183,0.06,0,22,62,"EII","EII",33,33
"4",-50776.98,-50944.35,160,74,0.07,0.01,114,73,"EII","EII",44,44
"5",-50059.03,-50387.83,165,14,0.06,0.25,98,13,"EII","EII",55,55
"6",-49745.52,-50001.35,176,96,0.03,0.12,130,77,"EII","EII",66,66
"7",-49413.36,-49716.48,62,138,0.35,0,34,71,"EII","EII",77,77
"8",-49147.54,-49467.46,152,87,0.05,0,52,64,"EII","EII",88,88
"9",-48933,-49255.73,92,92,0.2,0.16,36,91,"EII","EII",99,99
"10",-48750.75,-49082.56,51,104,1.29,0.52,46,92,"EII","EII",110,110
