"","best_ll_s1","best_ll_s2","iter_best_s1","iter_best_s2","d_s1","d_s2","iter4sec_s1","iter4sec_s2","model_s1","model_s2","df_1","df_2"
"1",-1e+07,-1e+07,NA,NA,0,0,NA,NA,NA,NA,NA,NA
"2",-52263.88,-52386.97,29,39,0.06,0,4,39,"EII","EII",22,22
"3",-51512.65,-51703.48,176,26,0,0,176,26,"EII","EII",33,33
"4",-50776.96,-50944.27,140,147,0.08,0.07,116,99,"EII","EII",44,44
"5",-50058.99,-50387.87,99,28,0.03,0.05,82,18,"EII","EII",55,55
"6",-49745.36,-50001.36,42,137,0,0.11,42,115,"EII","EII",66,66
"7",-49413.18,-49716.58,42,66,0.03,0,6,66,"EII","EII",77,77
"8",-49147.88,-49467.66,40,72,0,0.08,40,44,"EII","EII",88,88
"9",-48932.72,-49255.64,102,192,0.38,0,70,192,"EII","EII",99,99
"10",-48750.68,-49082.38,38,119,0.67,0,29,119,"EII","EII",110,110
