"","best_ll_s1","best_ll_s2","iter_best_s1","iter_best_s2","d_s1","d_s2","iter4sec_s1","iter4sec_s2","model_s1","model_s2","df_1","df_2"
"1",-1e+07,-1e+07,NA,NA,0,0,NA,NA,NA,NA,NA,NA
"2",-52263.88,-52386.96,47,64,0.03,0.01,9,28,"EII","EII",22,22
"3",-51512.24,-51703.53,47,4,0.65,0.14,24,1,"EII","EII",33,33
"4",-50777.01,-50944.34,57,197,0.05,0.02,36,25,"EII","EII",44,44
"5",-50058.98,-50387.88,52,117,0.04,0.01,6,69,"EII","EII",55,55
"6",-49745.48,-50001.36,188,122,0.07,0.03,125,49,"EII","EII",66,66
"7",-49413.17,-49716.49,9,169,0.47,0.06,8,108,"EII","EII",77,77
"8",-49147.76,-49467.67,172,45,0.14,0.3,95,29,"EII","EII",88,88
"9",-48932.79,-49255.44,38,98,0,0.93,14,79,"EII","EII",99,99
"10",-48750.95,-49082.68,164,104,0.06,0.58,159,20,"EII","EII",110,110
