"","best_ll_s1","best_ll_s2","iter_best_s1","iter_best_s2","d_s1","d_s2","iter4sec_s1","iter4sec_s2","model_s1","model_s2","df_1","df_2"
"1",-1e+07,-1e+07,NA,NA,0,0,NA,NA,NA,NA,NA,NA
"2",-52263.87,-52386.97,156,112,0.08,0,24,112,"EII","EII",22,22
"3",-51512.46,-51703.5,33,9,0,0.07,33,6,"EII","EII",33,33
"4",-50777.08,-50944.34,5,182,0,0.01,5,157,"EII","EII",44,44
"5",-50058.97,-50387.91,86,73,0,0,86,73,"EII","EII",55,55
"6",-49745.41,-50001.34,107,179,0.26,0.15,66,173,"EII","EII",66,66
"7",-49413.3,-49716.49,43,63,0.19,0.23,5,8,"EII","EII",77,77
"8",-49147.63,-49467.62,152,130,0,0.26,152,22,"EII","EII",88,88
"9",-48932.48,-49255.78,162,82,0,0,162,82,"EII","EII",99,99
"10",-48750.13,-49083.15,162,57,1.17,0.11,22,23,"EII","EII",110,110
