"","best_ll_s1","best_ll_s2","iter_best_s1","iter_best_s2","d_s1","d_s2","iter4sec_s1","iter4sec_s2","model_s1","model_s2","df_1","df_2"
"1",-1e+07,-1e+07,NA,NA,0,0,NA,NA,NA,NA,NA,NA
"2",-52263.89,-52386.99,183,90,0,0.04,135,60,"EII","EII",22,22
"3",-51512.62,-51703.47,176,192,0.05,0,84,192,"EII","EII",33,33
"4",-50776.99,-50944.37,140,122,0.12,0.03,85,60,"EII","EII",44,44
"5",-50058.92,-50387.89,85,103,0,0,85,76,"EII","EII",55,55
"6",-49745.29,-50001.27,52,105,0,0,52,105,"EII","EII",66,66
"7",-49413.42,-49716.54,3,59,2.55,0,1,59,"EII","EII",77,77
"8",-49147.64,-49467.5,130,181,0.11,0.2,13,154,"EII","EII",88,88
"9",-48932.84,-49255.94,121,165,0,0.16,121,38,"EII","EII",99,99
"10",-48750.17,-49082.93,109,197,0,0,109,197,"EII","EII",110,110
