"","best_ll_s1","best_ll_s2","iter_best_s1","iter_best_s2","d_s1","d_s2","iter4sec_s1","iter4sec_s2","model_s1","model_s2","df_1","df_2"
"1",-1e+07,-1e+07,NA,NA,0,0,NA,NA,NA,NA,NA,NA
"2",-52263.9,-52386.98,50,33,0.08,0,39,33,"EII","EII",22,22
"3",-51512.48,-51703.56,122,85,0.22,0,20,85,"EII","EII",33,33
"4",-50776.93,-50944.33,103,99,0.18,0.02,5,39,"EII","EII",44,44
"5",-50059.05,-50387.88,30,126,0,0.03,30,26,"EII","EII",55,55
"6",-49745.41,-50001.39,200,88,0.16,0.06,43,30,"EII","EII",66,66
"7",-49412.97,-49716.47,131,122,0.37,0.12,104,114,"EII","EII",77,77
"8",-49147.57,-49467.54,49,103,0,0.06,49,56,"EII","EII",88,88
"9",-48933.09,-49255.76,47,145,0,0,47,145,"EII","EII",99,99
"10",-48750.57,-49082.69,30,154,0,0.34,30,152,"EII","EII",110,110
