"","best_ll_s1","best_ll_s2","iter_best_s1","iter_best_s2","d_s1","d_s2","iter4sec_s1","iter4sec_s2","model_s1","model_s2","df_1","df_2"
"1",-1e+07,-1e+07,NA,NA,0,0,NA,NA,NA,NA,NA,NA
"2",-52263.88,-52386.96,160,59,0.01,0.03,71,28,"EII","EII",22,22
"3",-51512.3,-51703.47,75,92,0,0.12,75,31,"EII","EII",33,33
"4",-50776.99,-50944.33,67,46,0,0.06,67,25,"EII","EII",44,44
"5",-50059.03,-50387.78,166,196,0,0.07,166,106,"EII","EII",55,55
"6",-49745.43,-50001.28,111,165,0.02,0.02,66,155,"EII","EII",66,66
"7",-49413.24,-49716.55,9,174,0.66,0.13,2,56,"EII","EII",77,77
"8",-49147.37,-49467.37,23,65,1.53,0.3,22,31,"EII","EII",88,88
"9",-48932.53,-49255.76,103,88,0.82,0.3,50,11,"EII","EII",99,99
"10",-48750.51,-49082.42,171,88,0.42,0.26,91,69,"EII","EII",110,110
