"","best_ll_s1","best_ll_s2","iter_best_s1","iter_best_s2","d_s1","d_s2","iter4sec_s1","iter4sec_s2","model_s1","model_s2","df_1","df_2"
"1",-1e+07,-1e+07,NA,NA,0,0,NA,NA,NA,NA,NA,NA
"2",-52263.89,-52386.98,54,25,0.02,0,43,76,"EII","EII",22,22
"3",-51512.51,-51703.45,119,149,0.17,0,24,172,"EII","EII",33,33
"4",-50777,-50944.34,157,160,0.01,0.02,32,79,"EII","EII",44,44
"5",-50058.97,-50387.87,180,140,0.11,0.01,48,43,"EII","EII",55,55
"6",-49745.46,-50001.33,109,130,0.08,0.03,7,193,"EII","EII",66,66
"7",-49413.11,-49716.44,22,125,0.28,0.05,7,81,"EII","EII",77,77
"8",-49147.61,-49467.5,108,189,0.14,0.01,102,143,"EII","EII",88,88
"9",-48932.88,-49255.54,160,49,0.01,0.41,68,34,"EII","EII",99,99
"10",-48750.7,-49082.41,58,105,1.07,0.81,2,91,"EII","EII",110,110
