"","best_ll_s1","best_ll_s2","iter_best_s1","iter_best_s2","d_s1","d_s2","iter4sec_s1","iter4sec_s2","model_s1","model_s2","df_1","df_2"
"1",-1e+07,-1e+07,NA,NA,0,0,NA,NA,NA,NA,NA,NA
"2",-52263.87,-52386.97,42,124,0.04,0,15,122,"EII","EII",22,22
"3",-51512.68,-51703.49,147,148,0.03,0.01,98,110,"EII","EII",33,33
"4",-50776.99,-50944.34,133,155,0.03,0.01,64,68,"EII","EII",44,44
"5",-50058.9,-50387.88,95,64,0.03,0.03,17,46,"EII","EII",55,55
"6",-49745.53,-50001.36,87,20,0.03,0.59,85,11,"EII","EII",66,66
"7",-49413.02,-49716.43,144,78,0.33,0.11,54,41,"EII","EII",77,77
"8",-49147.57,-49467.41,110,170,0.04,0.1,5,23,"EII","EII",88,88
"9",-48932.55,-49255.61,22,124,0.44,0.15,4,58,"EII","EII",99,99
"10",-48751.32,-49083.27,68,149,1.47,0.02,26,90,"EII","EII",110,110
