"","best_ll_s1","best_ll_s2","iter_best_s1","iter_best_s2","d_s1","d_s2","iter4sec_s1","iter4sec_s2","model_s1","model_s2","df_1","df_2"
"1",-1e+07,-1e+07,NA,NA,0,0,NA,NA,NA,NA,NA,NA
"2",-52263.87,-52386.95,11,152,0.3,0.03,8,99,"EII","EII",22,22
"3",-51512.5,-51703.5,35,77,0.11,0.06,31,22,"EII","EII",33,33
"4",-50777.09,-50944.29,108,75,0.04,0.03,96,57,"EII","EII",44,44
"5",-50059.1,-50387.88,19,115,0.06,0.02,11,82,"EII","EII",55,55
"6",-49745.44,-50001.38,199,187,0.23,0,143,127,"EII","EII",66,66
"7",-49412.88,-49716.47,16,126,2.05,0.2,1,23,"EII","EII",77,77
"8",-49147.51,-49467.57,47,197,0.25,0.15,30,82,"EII","EII",88,88
"9",-48932.7,-49255.46,43,42,0.17,0.09,32,22,"EII","EII",99,99
"10",-48750.89,-49083.35,30,131,0.13,0.82,18,118,"EII","EII",110,110
