"","best_ll_s1","best_ll_s2","iter_best_s1","iter_best_s2","d_s1","d_s2","iter4sec_s1","iter4sec_s2","model_s1","model_s2","df_1","df_2"
"1",-1e+07,-1e+07,NA,NA,0,0,NA,NA,NA,NA,NA,NA
"2",-52263.88,-52386.96,52,18,0.03,0.09,23,6,"EII","EII",22,22
"3",-51512.21,-51703.44,145,123,0.45,0.1,87,7,"EII","EII",33,33
"4",-50777.02,-50944.33,13,4,0.13,0.1,9,3,"EII","EII",44,44
"5",-50059.08,-50387.8,121,182,0.03,0.15,64,33,"EII","EII",55,55
"6",-49745.46,-50001.45,178,93,0.02,0.02,21,1,"EII","EII",66,66
"7",-49413.21,-49716.83,100,45,0.24,0.05,97,30,"EII","EII",77,77
"8",-49147.42,-49467.21,19,122,0.76,0.38,10,5,"EII","EII",88,88
"9",-48933.1,-49255.34,104,101,0.08,0.48,39,88,"EII","EII",99,99
"10",-48750.74,-49083.13,161,43,0.46,0.72,119,37,"EII","EII",110,110
