"","best_ll_s1","best_ll_s2","iter_best_s1","iter_best_s2","d_s1","d_s2","iter4sec_s1","iter4sec_s2","model_s1","model_s2","df_1","df_2"
"1",-1e+07,-1e+07,NA,NA,0,0,NA,NA,NA,NA,NA,NA
"2",-52263.88,-52386.96,2,104,0.29,0.02,1,61,"EII","EII",22,22
"3",-51512.33,-51703.55,1,25,4999950000.25,0.04,0,18,"EII","EII",33,33
"4",-50776.99,-50944.31,149,42,0.01,0.09,114,41,"EII","EII",44,44
"5",-50059.06,-50387.86,144,57,0.03,0.02,1,33,"EII","EII",55,55
"6",-49745.48,-50001.35,182,136,0.08,0.01,89,129,"EII","EII",66,66
"7",-49413.08,-49716.64,25,64,0.55,0.09,6,22,"EII","EII",77,77
"8",-49147.78,-49467.67,168,63,0.2,0.31,39,28,"EII","EII",88,88
"9",-48932.99,-49255.47,199,23,0.02,0.41,187,13,"EII","EII",99,99
"10",-48750.29,-49083.1,121,193,0.31,0.3,105,94,"EII","EII",110,110
