"","best_ll_s1","best_ll_s2","iter_best_s1","iter_best_s2","d_s1","d_s2","iter4sec_s1","iter4sec_s2","model_s1","model_s2","df_1","df_2"
"1",-1e+07,-1e+07,NA,NA,0,0,NA,NA,NA,NA,NA,NA
"2",-52263.88,-52386.96,195,18,0.01,0,13,18,"EII","EII",22,22
"3",-51512.43,-51703.58,128,114,0,0,128,114,"EII","EII",33,33
"4",-50777.12,-50944.28,22,31,0,0,22,31,"EII","EII",44,44
"5",-50059.01,-50387.94,107,16,0.04,0,39,13,"EII","EII",55,55
"6",-49745.5,-50001.38,83,160,0.2,0,6,101,"EII","EII",66,66
"7",-49412.94,-49716.55,69,92,0,0,69,92,"EII","EII",77,77
"8",-49147.42,-49467.02,2,78,0,0,2,78,"EII","EII",88,88
"9",-48932.87,-49255.58,159,76,0,0,159,76,"EII","EII",99,99
"10",-48750.55,-49084.32,140,52,0,0.68,140,35,"EII","EII",110,110
