"","best_ll_s1","best_ll_s2","iter_best_s1","iter_best_s2","d_s1","d_s2","iter4sec_s1","iter4sec_s2","model_s1","model_s2","df_1","df_2"
"1",-1e+07,-1e+07,NA,NA,0,0,NA,NA,NA,NA,NA,NA
"2",-52263.88,-52386.95,2,72,0.5,0.01,1,25,"EII","EII",22,22
"3",-51512.61,-51703.44,140,196,0,0,140,196,"EII","EII",33,33
"4",-50777.02,-50944.3,50,82,0.08,0,31,82,"EII","EII",44,44
"5",-50059.01,-50387.81,34,142,0.12,0.03,6,68,"EII","EII",55,55
"6",-49745.2,-50001.36,145,22,0.16,0.32,6,19,"EII","EII",66,66
"7",-49412.97,-49716.61,63,2,0.49,0.27,51,1,"EII","EII",77,77
"8",-49147.41,-49467.41,187,155,0.3,0,1,155,"EII","EII",88,88
"9",-48932.98,-49255.6,125,15,0.17,0,60,15,"EII","EII",99,99
"10",-48751.38,-49082.43,82,113,0,0,82,113,"EII","EII",110,110
