"","best_ll_s1","best_ll_s2","iter_best_s1","iter_best_s2","d_s1","d_s2","iter4sec_s1","iter4sec_s2","model_s1","model_s2","df_1","df_2"
"1",-1e+07,-1e+07,NA,NA,0,0,NA,NA,NA,NA,NA,NA
"2",-52263.9,-52386.95,104,167,0,0.02,104,65,"EII","EII",22,22
"3",-51512.37,-51703.53,105,196,0.18,0.05,82,54,"EII","EII",33,33
"4",-50777.07,-50944.26,181,31,0.04,0.14,25,5,"EII","EII",44,44
"5",-50059.12,-50387.92,144,198,0,0,144,198,"EII","EII",55,55
"6",-49745.54,-50001.29,127,118,0.14,0,120,118,"EII","EII",66,66
"7",-49413.47,-49716.52,31,45,0.14,0,7,45,"EII","EII",77,77
"8",-49147.69,-49467.45,111,56,0,0.18,111,21,"EII","EII",88,88
"9",-48933.03,-49255.64,17,118,0,0.22,17,63,"EII","EII",99,99
"10",-48750.95,-49082.75,35,129,0,0,35,129,"EII","EII",110,110
