"","best_ll_s1","best_ll_s2","iter_best_s1","iter_best_s2","d_s1","d_s2","iter4sec_s1","iter4sec_s2","model_s1","model_s2","df_1","df_2"
"1",-1e+07,-1e+07,NA,NA,0,0,NA,NA,NA,NA,NA,NA
"2",-52263.91,-52386.96,104,189,0,0.01,9,8,"EII","EII",22,22
"3",-51512.52,-51703.5,44,32,0.03,0.08,29,9,"EII","EII",33,33
"4",-50777.04,-50944.31,44,156,0.12,0.04,7,42,"EII","EII",44,44
"5",-50058.99,-50387.87,93,71,0.07,0.01,12,6,"EII","EII",55,55
"6",-49745.53,-50001.35,170,41,0.12,0.29,149,8,"EII","EII",66,66
"7",-49413.22,-49716.41,96,67,0.02,0.52,53,24,"EII","EII",77,77
"8",-49147.87,-49467.57,125,33,0.03,0.11,35,24,"EII","EII",88,88
"9",-48932.75,-49255.65,51,78,0.27,0.38,14,30,"EII","EII",99,99
"10",-48751.34,-49082.91,8,90,0.94,0.35,2,78,"EII","EII",110,110
