"","best_ll_s1","best_ll_s2","iter_best_s1","iter_best_s2","d_s1","d_s2","iter4sec_s1","iter4sec_s2","model_s1","model_s2","df_1","df_2"
"1",-1e+07,-1e+07,NA,NA,0,0,NA,NA,NA,NA,NA,NA
"2",-52263.87,-52386.97,85,97,0.07,0.01,21,90,"EII","EII",22,22
"3",-51512.67,-51703.47,164,85,0.02,0.06,74,29,"EII","EII",33,33
"4",-50777.05,-50944.27,157,128,0.03,0,43,48,"EII","EII",44,44
"5",-50059.03,-50387.88,15,126,0.1,0.03,2,64,"EII","EII",55,55
"6",-49745.67,-50001.34,27,151,0.49,0.08,17,35,"EII","EII",66,66
"7",-49413.21,-49716.5,25,16,0.32,1.13,18,10,"EII","EII",77,77
"8",-49147.39,-49467.72,118,103,0.15,0.06,7,66,"EII","EII",88,88
"9",-48932.71,-49255.5,70,175,0.79,0.23,65,87,"EII","EII",99,99
"10",-48750.75,-49082.58,146,11,0.03,26.03,77,4,"EII","EII",110,110
