"","best_ll_s1","best_ll_s2","iter_best_s1","iter_best_s2","d_s1","d_s2","iter4sec_s1","iter4sec_s2","model_s1","model_s2","df_1","df_2"
"1",-1e+07,-1e+07,NA,NA,0,0,NA,NA,NA,NA,NA,NA
"2",-52263.9,-52386.96,12,55,0.25,0.08,3,51,"EII","EII",22,22
"3",-51512.49,-51703.47,196,137,0.12,0,57,64,"EII","EII",33,33
"4",-50776.99,-50944.27,6,79,0.16,0,2,20,"EII","EII",44,44
"5",-50059.01,-50387.86,10,111,0.41,0.02,7,110,"EII","EII",55,55
"6",-49745.48,-50001.13,109,148,0.19,0.08,31,88,"EII","EII",66,66
"7",-49412.92,-49716.42,154,187,0.34,0.11,139,9,"EII","EII",77,77
"8",-49147.59,-49467.49,137,149,0.22,0.19,71,126,"EII","EII",88,88
"9",-48932.84,-49255.42,195,42,0.09,0.93,125,11,"EII","EII",99,99
"10",-48750.23,-49082.3,52,36,0.92,1.71,4,26,"EII","EII",110,110
