"","best_ll_s1","best_ll_s2","iter_best_s1","iter_best_s2","d_s1","d_s2","iter4sec_s1","iter4sec_s2","model_s1","model_s2","df_1","df_2"
"1",-1e+07,-1e+07,NA,NA,0,0,NA,NA,NA,NA,NA,NA
"2",-52264.15,-52387.3,46,7,0.01,0,18,5,"EII","EII",22,22
"3",-51512.73,-51703.49,67,26,0.06,0.03,26,9,"EII","EII",33,33
"4",-50776.99,-50944.39,81,12,0.05,0,61,10,"EII","EII",44,44
"5",-50058.99,-50387.89,136,174,0.04,0,129,14,"EII","EII",55,55
"6",-49745.82,-50001.39,37,62,0.27,0.01,24,45,"EII","EII",66,66
"7",-49413.33,-49716.46,34,119,0.03,0.2,22,85,"EII","EII",77,77
"8",-49147.47,-49467.36,86,19,0.37,0.58,49,7,"EII","EII",88,88
"9",-48932.84,-49255.65,23,15,0.64,2.03,7,9,"EII","EII",99,99
"10",-48751.37,-49082.94,184,57,0.08,0.01,19,46,"EII","EII",110,110
