"","best_ll_s1","best_ll_s2","iter_best_s1","iter_best_s2","d_s1","d_s2","iter4sec_s1","iter4sec_s2","model_s1","model_s2","df_1","df_2"
"1",-1e+07,-1e+07,NA,NA,0,0,NA,NA,NA,NA,NA,NA
"2",-52263.88,-52386.97,48,176,0.03,0.04,33,140,"EII","EII",22,22
"3",-51512.66,-51703.49,28,127,0.07,0.03,25,42,"EII","EII",33,33
"4",-50777.11,-50944.36,83,184,0.02,0,21,96,"EII","EII",44,44
"5",-50059.03,-50387.86,149,131,0.03,0.01,139,14,"EII","EII",55,55
"6",-49745.44,-50001.18,22,35,0.13,0.16,13,29,"EII","EII",66,66
"7",-49413.39,-49716.31,2,111,0.84,0.53,1,55,"EII","EII",77,77
"8",-49147.63,-49467.39,20,62,0.54,0.15,6,53,"EII","EII",88,88
"9",-48933.21,-49255.34,58,30,0.37,0.9,47,4,"EII","EII",99,99
"10",-48751.23,-49082.57,42,160,0.72,0.16,22,47,"EII","EII",110,110
