"","best_ll_s1","best_ll_s2","iter_best_s1","iter_best_s2","d_s1","d_s2","iter4sec_s1","iter4sec_s2","model_s1","model_s2","df_1","df_2"
"1",-1e+07,-1e+07,NA,NA,0,0,NA,NA,NA,NA,NA,NA
"2",-52263.88,-52386.98,108,23,0.02,0.01,16,20,"EII","EII",22,22
"3",-51512.5,-51703.54,147,46,0.1,0.01,142,39,"EII","EII",33,33
"4",-50777.04,-50944.35,103,138,0.05,0,92,42,"EII","EII",44,44
"5",-50058.93,-50387.93,34,155,0.22,0,12,12,"EII","EII",55,55
"6",-49745.38,-50001.27,154,169,0.03,0.07,1,145,"EII","EII",66,66
"7",-49413.25,-49716.54,95,18,0.13,0.16,9,1,"EII","EII",77,77
"8",-49147.71,-49467.63,55,83,0.07,0.32,31,58,"EII","EII",88,88
"9",-48932.58,-49256.03,144,6,0.34,67.56,44,3,"EII","EII",99,99
"10",-48751.08,-49082.66,111,27,0.91,0.26,40,8,"EII","EII",110,110
