"","best_ll_s1","best_ll_s2","iter_best_s1","iter_best_s2","d_s1","d_s2","iter4sec_s1","iter4sec_s2","model_s1","model_s2","df_1","df_2"
"1",-1e+07,-1e+07,NA,NA,0,0,NA,NA,NA,NA,NA,NA
"2",-52263.87,-52386.96,176,68,0.01,0.01,85,65,"EII","EII",22,22
"3",-51512.49,-51703.56,85,33,0.08,0.02,39,3,"EII","EII",33,33
"4",-50776.95,-50944.29,137,72,0.18,0.06,29,17,"EII","EII",44,44
"5",-50058.99,-50387.88,30,176,0.14,0.04,15,70,"EII","EII",55,55
"6",-49745.47,-50001.2,42,66,0.07,0.25,16,61,"EII","EII",66,66
"7",-49413.25,-49716.54,28,196,0.23,0.05,27,139,"EII","EII",77,77
"8",-49147.63,-49467.78,97,15,0.22,0.16,66,10,"EII","EII",88,88
"9",-48933.08,-49255.75,153,92,0.07,0.19,34,26,"EII","EII",99,99
"10",-48750.62,-49083.17,19,151,2.05,0.05,17,76,"EII","EII",110,110
