"","best_ll_s1","best_ll_s2","iter_best_s1","iter_best_s2","d_s1","d_s2","iter4sec_s1","iter4sec_s2","model_s1","model_s2","df_1","df_2"
"1",-1e+07,-1e+07,NA,NA,0,0,NA,NA,NA,NA,NA,NA
"2",-52263.88,-52386.97,62,193,0.02,0.03,25,81,"EII","EII",22,22
"3",-51512.54,-51703.49,124,8,0.09,0.13,100,1,"EII","EII",33,33
"4",-50777.03,-50944.33,24,52,0.22,0.05,16,44,"EII","EII",44,44
"5",-50059.07,-50387.83,71,164,0.04,0.05,38,28,"EII","EII",55,55
"6",-49745.57,-50001.28,139,80,0.23,0.21,2,37,"EII","EII",66,66
"7",-49413.2,-49716.36,154,8,0.01,0.83,86,6,"EII","EII",77,77
"8",-49147.82,-49467.32,3,16,62.43,0.32,1,2,"EII","EII",88,88
"9",-48932.74,-49255.45,108,59,0.73,0.43,45,50,"EII","EII",99,99
"10",-48751.04,-49082.7,160,59,0.81,0.82,87,51,"EII","EII",110,110
