"","best_ll_s1","best_ll_s2","iter_best_s1","iter_best_s2","d_s1","d_s2","iter4sec_s1","iter4sec_s2","model_s1","model_s2","df_1","df_2"
"1",-1e+07,-1e+07,NA,NA,0,0,NA,NA,NA,NA,NA,NA
"2",-52263.92,-52386.96,74,138,0,0.01,51,86,"EII","EII",22,22
"3",-51512.62,-51703.45,171,177,0.11,0.05,135,81,"EII","EII",33,33
"4",-50777.01,-50944.32,187,98,0.1,0.03,180,23,"EII","EII",44,44
"5",-50058.96,-50387.83,100,62,0.02,0.14,88,45,"EII","EII",55,55
"6",-49745.76,-50001.28,164,193,0.01,0.09,45,165,"EII","EII",66,66
"7",-49413.11,-49716.62,21,24,0.28,0.31,3,2,"EII","EII",77,77
"8",-49147.53,-49467.07,114,33,0.18,0.84,51,4,"EII","EII",88,88
"9",-48932.75,-49255.98,116,83,0.37,0.01,106,47,"EII","EII",99,99
"10",-48750.79,-49083.08,13,38,1.52,0.08,4,16,"EII","EII",110,110
