"","best_ll_s1","best_ll_s2","iter_best_s1","iter_best_s2","d_s1","d_s2","iter4sec_s1","iter4sec_s2","model_s1","model_s2","df_1","df_2"
"1",-1e+07,-1e+07,NA,NA,0,0,NA,NA,NA,NA,NA,NA
"2",-52263.88,-52386.99,111,179,0.02,0,9,60,"EII","EII",22,22
"3",-51512.54,-51703.41,111,91,0.13,0.05,52,10,"EII","EII",33,33
"4",-50777.03,-50944.3,170,47,0.06,0.07,90,23,"EII","EII",44,44
"5",-50058.98,-50387.84,149,116,0.12,0.06,109,6,"EII","EII",55,55
"6",-49745.56,-50001.46,59,21,0.55,0.18,50,10,"EII","EII",66,66
"7",-49413.1,-49716.44,170,167,0.12,0.23,12,157,"EII","EII",77,77
"8",-49147.73,-49467.67,191,135,0.16,0.21,16,38,"EII","EII",88,88
"9",-48933.12,-49255.37,18,114,0.39,0.71,10,39,"EII","EII",99,99
"10",-48751.12,-49082.64,95,74,0.18,0.7,54,6,"EII","EII",110,110
