"","best_ll_s1","best_ll_s2","iter_best_s1","iter_best_s2","d_s1","d_s2","iter4sec_s1","iter4sec_s2","model_s1","model_s2","df_1","df_2"
"1",-1e+07,-1e+07,NA,NA,0,0,NA,NA,NA,NA,NA,NA
"2",-52263.88,-52386.99,10,85,0.27,0.03,8,66,"EII","EII",22,22
"3",-51512.32,-51703.5,25,186,0.36,0.01,14,149,"EII","EII",33,33
"4",-50777.1,-50944.29,103,110,0.01,0.06,19,20,"EII","EII",44,44
"5",-50059.02,-50387.89,175,116,0.04,0,30,27,"EII","EII",55,55
"6",-49745.51,-50001.41,136,92,0.06,0.05,114,67,"EII","EII",66,66
"7",-49413,-49716.58,112,19,0.21,0.08,80,1,"EII","EII",77,77
"8",-49147.53,-49467.49,114,92,0.29,0.17,61,38,"EII","EII",88,88
"9",-48932.87,-49255.4,35,19,0.79,1.2,10,13,"EII","EII",99,99
"10",-48750.77,-49082.56,73,73,1.4,0.23,8,50,"EII","EII",110,110
