"","best_ll_s1","best_ll_s2","iter_best_s1","iter_best_s2","d_s1","d_s2","iter4sec_s1","iter4sec_s2","model_s1","model_s2","df_1","df_2"
"1",-1e+07,-1e+07,NA,NA,0,0,NA,NA,NA,NA,NA,NA
"2",-52263.88,-52386.97,150,74,0.01,0.05,144,2,"EII","EII",22,22
"3",-51512.61,-51703.5,158,66,0.07,0.05,156,43,"EII","EII",33,33
"4",-50777.06,-50944.34,3,188,0.15,0.01,2,130,"EII","EII",44,44
"5",-50058.96,-50387.88,158,150,0.05,0.01,26,130,"EII","EII",55,55
"6",-49745.5,-50001.37,54,158,0.06,0.05,16,21,"EII","EII",66,66
"7",-49412.96,-49716.38,41,150,0.52,0.07,24,44,"EII","EII",77,77
"8",-49147.61,-49467.27,67,197,0.47,0.07,2,56,"EII","EII",88,88
"9",-48932.5,-49255.31,148,15,0.63,0.98,22,11,"EII","EII",99,99
"10",-48750.47,-49082.83,170,183,0.52,0.06,10,126,"EII","EII",110,110
