"","best_ll_s1","best_ll_s2","iter_best_s1","iter_best_s2","d_s1","d_s2","iter4sec_s1","iter4sec_s2","model_s1","model_s2","df_1","df_2"
"1",-1e+07,-1e+07,NA,NA,0,0,NA,NA,NA,NA,NA,NA
"2",-52263.88,-52386.98,32,68,0.18,0,26,54,"EII","EII",22,22
"3",-51512.56,-51703.5,120,12,0.13,0.18,23,2,"EII","EII",33,33
"4",-50777.11,-50944.25,189,130,0,0.06,150,22,"EII","EII",44,44
"5",-50058.96,-50387.82,90,1,0.06,500249700.07,88,0,"EII","EII",55,55
"6",-49745.33,-50001.28,154,107,0.21,0.04,141,42,"EII","EII",66,66
"7",-49413.13,-49716.58,165,190,0.22,0.1,43,65,"EII","EII",77,77
"8",-49147.85,-49467.51,31,21,0.6,0.4,25,2,"EII","EII",88,88
"9",-48933.17,-49255.59,28,149,1.02,0.29,24,107,"EII","EII",99,99
"10",-48751.04,-49082.69,139,148,0.27,0.63,87,147,"EII","EII",110,110
