"","best_ll_s1","best_ll_s2","iter_best_s1","iter_best_s2","d_s1","d_s2","iter4sec_s1","iter4sec_s2","model_s1","model_s2","df_1","df_2"
"1",-1e+07,-1e+07,NA,NA,0,0,NA,NA,NA,NA,NA,NA
"2",-52263.9,-52386.96,84,81,0.02,0.02,27,5,"EII","EII",22,22
"3",-51512.51,-51703.46,125,66,0.24,0.12,85,12,"EII","EII",33,33
"4",-50777.03,-50944.34,1,192,50649300.56,0.02,0,75,"EII","EII",44,44
"5",-50059.09,-50387.81,87,23,0.02,0.13,9,16,"EII","EII",55,55
"6",-49745.37,-50001.33,120,23,0.33,0.17,46,2,"EII","EII",66,66
"7",-49413.2,-49716.77,120,173,0.34,0.03,37,127,"EII","EII",77,77
"8",-49147.72,-49467.5,25,183,1.58,0.04,3,178,"EII","EII",88,88
"9",-48933.09,-49255.42,50,108,0.23,0.02,36,4,"EII","EII",99,99
"10",-48750.37,-49082.41,23,160,1.18,0.2,20,19,"EII","EII",110,110
