"","best_ll_s1","best_ll_s2","iter_best_s1","iter_best_s2","d_s1","d_s2","iter4sec_s1","iter4sec_s2","model_s1","model_s2","df_1","df_2"
"1",-1e+07,-1e+07,NA,NA,0,0,NA,NA,NA,NA,NA,NA
"2",-52263.88,-52386.97,92,114,0.1,0.01,60,100,"EII","EII",22,22
"3",-51512.69,-51703.51,22,163,0.1,0.01,20,82,"EII","EII",33,33
"4",-50777.02,-50944.35,155,104,0.02,0.01,55,99,"EII","EII",44,44
"5",-50059.02,-50387.88,65,11,0.04,0.01,41,9,"EII","EII",55,55
"6",-49745.44,-50001.07,144,175,0.51,0.31,49,55,"EII","EII",66,66
"7",-49413.23,-49716.71,94,116,0.07,0.04,17,16,"EII","EII",77,77
"8",-49147.46,-49467.34,53,66,0.55,0.53,29,65,"EII","EII",88,88
"9",-48933.01,-49255.66,199,162,0.25,0.1,82,10,"EII","EII",99,99
"10",-48750.23,-49083.06,26,198,2.29,0.26,17,39,"EII","EII",110,110
