"","best_ll_s1","best_ll_s2","iter_best_s1","iter_best_s2","d_s1","d_s2","iter4sec_s1","iter4sec_s2","model_s1","model_s2","df_1","df_2"
"1",-1e+07,-1e+07,NA,NA,0,0,NA,NA,NA,NA,NA,NA
"2",-52263.88,-52386.95,186,78,0.02,0.05,129,31,"EII","EII",22,22
"3",-51512.52,-51703.53,136,177,0.16,0.01,20,149,"EII","EII",33,33
"4",-50777.09,-50944.24,198,34,0,0.11,115,5,"EII","EII",44,44
"5",-50059.04,-50387.87,23,38,0.05,0.1,4,20,"EII","EII",55,55
"6",-49745.56,-50001.38,120,151,0.21,0.08,72,48,"EII","EII",66,66
"7",-49412.84,-49716.46,135,27,0.34,0.66,3,9,"EII","EII",77,77
"8",-49147.86,-49467.48,129,37,0.05,0.22,26,9,"EII","EII",88,88
"9",-48932.47,-49255.52,199,100,0.29,0.4,173,30,"EII","EII",99,99
"10",-48750.78,-49083.03,64,187,1.04,0.12,9,47,"EII","EII",110,110
