"","best_ll_s1","best_ll_s2","iter_best_s1","iter_best_s2","d_s1","d_s2","iter4sec_s1","iter4sec_s2","model_s1","model_s2","df_1","df_2"
"1",-1e+07,-1e+07,NA,NA,0,0,NA,NA,NA,NA,NA,NA
"2",-52263.87,-52386.98,26,30,0.07,0.13,8,12,"EII","EII",22,22
"3",-51512.59,-51703.48,177,181,0.18,0.02,81,106,"EII","EII",33,33
"4",-50777.01,-50944.33,32,75,0.11,0.02,31,20,"EII","EII",44,44
"5",-50059.01,-50387.92,90,137,0.08,0.01,47,57,"EII","EII",55,55
"6",-49745.56,-50001.36,166,109,0.01,0.11,71,72,"EII","EII",66,66
"7",-49413.45,-49716.47,195,124,0.02,0.07,166,53,"EII","EII",77,77
"8",-49147.5,-49467.38,151,121,0.38,0.24,99,68,"EII","EII",88,88
"9",-48933.37,-49255.74,10,52,3.03,0.16,1,10,"EII","EII",99,99
"10",-48750.77,-49083.18,23,180,1.5,0.27,21,113,"EII","EII",110,110
