"","best_ll_s1","best_ll_s2","iter_best_s1","iter_best_s2","d_s1","d_s2","iter4sec_s1","iter4sec_s2","model_s1","model_s2","df_1","df_2"
"1",-1e+07,-1e+07,NA,NA,0,0,NA,NA,NA,NA,NA,NA
"2",-52263.88,-52386.95,78,8,0.1,0.03,5,5,"EII","EII",22,22
"3",-51512.36,-51703.52,187,122,0.25,0.04,27,1,"EII","EII",33,33
"4",-50777.02,-50944.35,194,11,0.05,0.1,175,3,"EII","EII",44,44
"5",-50058.99,-50387.92,189,159,0.06,0.01,168,105,"EII","EII",55,55
"6",-49745.37,-50001.41,6,170,1.06,0,3,17,"EII","EII",66,66
"7",-49413.19,-49716.38,64,138,0.07,0.11,25,134,"EII","EII",77,77
"8",-49147.43,-49467.31,82,195,0.32,0.01,22,10,"EII","EII",88,88
"9",-48932.53,-49255.32,24,7,0.68,0.59,21,5,"EII","EII",99,99
"10",-48750.66,-49082.73,145,159,0.42,0.09,97,134,"EII","EII",110,110
