"","best_ll_s1","best_ll_s2","iter_best_s1","iter_best_s2","d_s1","d_s2","iter4sec_s1","iter4sec_s2","model_s1","model_s2","df_1","df_2"
"1",-1e+07,-1e+07,NA,NA,0,0,NA,NA,NA,NA,NA,NA
"2",-52263.91,-52386.97,92,90,0.01,0.01,86,55,"EII","EII",22,22
"3",-51512.35,-51703.47,14,92,0.69,0.09,6,85,"EII","EII",33,33
"4",-50777.01,-50944.32,174,15,0.03,0.03,15,4,"EII","EII",44,44
"5",-50059.05,-50387.77,55,133,0.06,0.14,6,78,"EII","EII",55,55
"6",-49745.42,-50001.36,59,166,0.25,0.07,32,125,"EII","EII",66,66
"7",-49413.5,-49716.41,19,168,0.01,0.09,12,33,"EII","EII",77,77
"8",-49147.84,-49467.28,56,106,0.71,0.41,23,85,"EII","EII",88,88
"9",-48933.09,-49255.97,69,129,0.36,0.16,35,120,"EII","EII",99,99
"10",-48750.39,-49082.5,163,104,0.62,0.87,103,56,"EII","EII",110,110
