"","best_ll_s1","best_ll_s2","iter_best_s1","iter_best_s2","d_s1","d_s2","iter4sec_s1","iter4sec_s2","model_s1","model_s2","df_1","df_2"
"1",-1e+07,-1e+07,NA,NA,0,0,NA,NA,NA,NA,NA,NA
"2",-52263.88,-52386.98,57,114,0.03,0,10,95,"EII","EII",22,22
"3",-51512.64,-51703.5,146,130,0.01,0,76,85,"EII","EII",33,33
"4",-50776.96,-50944.31,53,113,0.17,0.04,35,75,"EII","EII",44,44
"5",-50059.13,-50387.82,85,11,0.01,0.3,61,3,"EII","EII",55,55
"6",-49745.66,-50001.3,71,141,0.01,0.08,28,90,"EII","EII",66,66
"7",-49413.06,-49716.47,88,104,0.27,0.09,25,84,"EII","EII",77,77
"8",-49147.9,-49467.57,96,60,0.09,0.26,75,8,"EII","EII",88,88
"9",-48933.01,-49255.74,185,8,0.14,0.92,116,6,"EII","EII",99,99
"10",-48751.89,-49082.91,142,16,0.25,21.82,50,5,"EII","EII",110,110
