"","best_ll_s1","best_ll_s2","iter_best_s1","iter_best_s2","d_s1","d_s2","iter4sec_s1","iter4sec_s2","model_s1","model_s2","df_1","df_2"
"1",-1e+07,-1e+07,NA,NA,0,0,NA,NA,NA,NA,NA,NA
"2",-52263.89,-52386.95,118,128,0.03,0.03,88,109,"EII","EII",22,22
"3",-51512.65,-51703.56,153,137,0.05,0.03,79,103,"EII","EII",33,33
"4",-50777.1,-50944.35,15,46,0,0,13,37,"EII","EII",44,44
"5",-50058.95,-50387.78,108,34,0.16,0.26,49,1,"EII","EII",55,55
"6",-49745.61,-50001.37,137,103,0.27,0.12,19,72,"EII","EII",66,66
"7",-49412.91,-49716.47,132,98,0.32,0.04,49,69,"EII","EII",77,77
"8",-49147.74,-49467.51,26,82,1.93,0.35,14,20,"EII","EII",88,88
"9",-48933.19,-49255.84,35,102,0.28,0.02,21,20,"EII","EII",99,99
"10",-48750.63,-49082.42,92,18,1,2.48,86,5,"EII","EII",110,110
