"","best_ll_s1","best_ll_s2","iter_best_s1","iter_best_s2","d_s1","d_s2","iter4sec_s1","iter4sec_s2","model_s1","model_s2","df_1","df_2"
"1",-1e+07,-1e+07,NA,NA,0,0,NA,NA,NA,NA,NA,NA
"2",-52263.88,-52386.97,81,146,0.01,0.02,10,71,"EII","EII",22,22
"3",-51512.45,-51703.54,91,130,0.34,0.01,25,61,"EII","EII",33,33
"4",-50777.12,-50944.36,97,160,0.02,0,89,131,"EII","EII",44,44
"5",-50059.05,-50387.91,92,62,0.02,0.01,55,47,"EII","EII",55,55
"6",-49745.33,-50001.35,49,108,0.04,0.02,14,44,"EII","EII",66,66
"7",-49413.11,-49716.45,175,170,0.01,0.09,66,88,"EII","EII",77,77
"8",-49147.42,-49467.5,110,158,0.27,0.26,9,150,"EII","EII",88,88
"9",-48932.89,-49255.46,5,183,0.82,0.14,2,142,"EII","EII",99,99
"10",-48751.06,-49082.87,37,5,0.37,24.56,34,4,"EII","EII",110,110
