"","best_ll_s1","best_ll_s2","iter_best_s1","iter_best_s2","d_s1","d_s2","iter4sec_s1","iter4sec_s2","model_s1","model_s2","df_1","df_2"
"1",-1e+07,-1e+07,NA,NA,0,0,NA,NA,NA,NA,NA,NA
"2",-52263.88,-52386.99,149,131,0.01,0.02,20,129,"EII","EII",22,22
"3",-51512.41,-51703.49,60,121,0.42,0.1,18,44,"EII","EII",33,33
"4",-50776.95,-50944.34,86,86,0.22,0.01,64,1,"EII","EII",44,44
"5",-50058.91,-50387.9,194,199,0.08,0.02,53,111,"EII","EII",55,55
"6",-49745.23,-50001.28,96,107,0.26,0.06,78,3,"EII","EII",66,66
"7",-49413.07,-49716.45,47,27,0.22,0.13,12,13,"EII","EII",77,77
"8",-49147.5,-49467.59,18,9,0.56,0.31,6,1,"EII","EII",88,88
"9",-48932.55,-49255.32,98,132,0.02,0.59,42,117,"EII","EII",99,99
"10",-48750.88,-49082.49,144,200,0.5,0.08,29,40,"EII","EII",110,110
