"","best_ll_s1","best_ll_s2","iter_best_s1","iter_best_s2","d_s1","d_s2","iter4sec_s1","iter4sec_s2","model_s1","model_s2","df_1","df_2"
"1",-1e+07,-1e+07,NA,NA,0,0,NA,NA,NA,NA,NA,NA
"2",-52263.87,-52386.98,119,17,0.01,0.25,72,6,"EII","EII",22,22
"3",-51512.69,-51703.46,124,142,0.01,0.1,55,26,"EII","EII",33,33
"4",-50777.09,-50944.34,134,76,0.02,0.01,64,31,"EII","EII",44,44
"5",-50059.06,-50387.8,91,125,0.03,0.08,74,77,"EII","EII",55,55
"6",-49745.25,-50001.21,92,141,0.21,0.07,66,36,"EII","EII",66,66
"7",-49413.03,-49716.57,26,118,0.48,0.08,15,117,"EII","EII",77,77
"8",-49147.83,-49467.26,97,114,0.2,0.15,89,64,"EII","EII",88,88
"9",-48932.94,-49255.52,61,9,0.9,1.36,55,1,"EII","EII",99,99
"10",-48750.62,-49082.59,77,99,0.49,0.6,56,68,"EII","EII",110,110
