"","best_ll_s1","best_ll_s2","iter_best_s1","iter_best_s2","d_s1","d_s2","iter4sec_s1","iter4sec_s2","model_s1","model_s2","df_1","df_2"
"1",-1e+07,-1e+07,NA,NA,0,0,NA,NA,NA,NA,NA,NA
"2",-52263.88,-52386.96,47,62,0.11,0.05,41,25,"EII","EII",22,22
"3",-51512.7,-51703.5,48,102,0.24,0.08,35,97,"EII","EII",33,33
"4",-50777.08,-50944.34,49,123,0.07,0.01,8,13,"EII","EII",44,44
"5",-50059.05,-50387.9,20,122,0.08,0.02,7,19,"EII","EII",55,55
"6",-49745.39,-50001.21,9,112,0.39,0.14,1,6,"EII","EII",66,66
"7",-49413.25,-49716.3,141,155,0.16,0.38,1,104,"EII","EII",77,77
"8",-49147.65,-49467.61,51,99,0.09,0.01,16,51,"EII","EII",88,88
"9",-48933.16,-49255.41,93,165,0.44,0.23,37,132,"EII","EII",99,99
"10",-48750.6,-49082.49,154,176,0.16,0.7,53,87,"EII","EII",110,110
