"","best_ll_s1","best_ll_s2","iter_best_s1","iter_best_s2","d_s1","d_s2","iter4sec_s1","iter4sec_s2","model_s1","model_s2","df_1","df_2"
"1",-1e+07,-1e+07,NA,NA,0,0,NA,NA,NA,NA,NA,NA
"2",-52263.88,-52386.96,132,189,0.01,0.03,38,12,"EII","EII",22,22
"3",-51512.69,-51703.46,196,127,0,0.02,71,23,"EII","EII",33,33
"4",-50777.01,-50944.32,62,164,0.04,0.02,128,131,"EII","EII",44,44
"5",-50059.01,-50387.88,200,157,0.05,0,24,112,"EII","EII",55,55
"6",-49745.39,-50001.25,37,61,0.18,0.15,141,12,"EII","EII",66,66
"7",-49413.21,-49716.44,79,152,0.09,0.01,160,125,"EII","EII",77,77
"8",-49147.56,-49467.07,9,92,0.11,0.38,187,119,"EII","EII",88,88
"9",-48932.84,-49255.59,55,96,0.62,0.05,16,76,"EII","EII",99,99
"10",-48750.27,-49082.72,70,5,0.44,0.62,55,32,"EII","EII",110,110
