"","best_ll_s1","best_ll_s2","iter_best_s1","iter_best_s2","d_s1","d_s2","iter4sec_s1","iter4sec_s2","model_s1","model_s2","df_1","df_2"
"1",-1e+07,-1e+07,NA,NA,0,0,NA,NA,NA,NA,NA,NA
"2",-52263.88,-52386.98,58,64,0.12,0,21,41,"EII","EII",22,22
"3",-51512.51,-51703.49,105,48,0.02,0.03,101,26,"EII","EII",33,33
"4",-50777.01,-50944.35,110,137,0,0.02,61,1,"EII","EII",44,44
"5",-50059.01,-50387.87,182,101,0.05,0.05,65,72,"EII","EII",55,55
"6",-49745.62,-50001.34,197,17,0.01,0.15,99,9,"EII","EII",66,66
"7",-49413.36,-49716.58,50,121,0.06,0.04,20,38,"EII","EII",77,77
"8",-49147.62,-49467.55,35,174,0.41,0.13,21,17,"EII","EII",88,88
"9",-48932.84,-49255.8,102,172,0.03,0.12,18,7,"EII","EII",99,99
"10",-48750.94,-49082.73,53,43,0.7,0.21,23,7,"EII","EII",110,110
