"","best_ll_s1","best_ll_s2","iter_best_s1","iter_best_s2","d_s1","d_s2","iter4sec_s1","iter4sec_s2","model_s1","model_s2","df_1","df_2"
"1",-1e+07,-1e+07,NA,NA,0,0,NA,NA,NA,NA,NA,NA
"2",-52263.88,-52386.97,132,144,0,0.02,16,15,"EII","EII",22,22
"3",-51512.57,-51703.58,156,174,0.17,0.01,104,102,"EII","EII",33,33
"4",-50777,-50944.32,141,17,0.06,0.08,28,7,"EII","EII",44,44
"5",-50059.04,-50387.87,95,83,0.06,0.02,76,71,"EII","EII",55,55
"6",-49745.58,-50001.35,39,156,0,0.04,28,16,"EII","EII",66,66
"7",-49413.49,-49716.51,71,23,0.13,0.11,7,18,"EII","EII",77,77
"8",-49147.47,-49467.47,148,164,0.24,0.15,116,50,"EII","EII",88,88
"9",-48932.89,-49255.77,195,48,0.13,0.47,17,13,"EII","EII",99,99
"10",-48751.43,-49082.62,105,47,0.06,0.58,91,29,"EII","EII",110,110
