"","best_ll_s1","best_ll_s2","iter_best_s1","iter_best_s2","d_s1","d_s2","iter4sec_s1","iter4sec_s2","model_s1","model_s2","df_1","df_2"
"1",-1e+07,-1e+07,NA,NA,0,0,NA,NA,NA,NA,NA,NA
"2",-52263.87,-52386.95,165,106,0.02,0.03,96,5,"EII","EII",22,22
"3",-51512.49,-51703.51,126,189,0,0.02,112,57,"EII","EII",33,33
"4",-50777,-50944.25,77,129,0.13,0.07,70,86,"EII","EII",44,44
"5",-50059.05,-50387.89,28,173,0.12,0.03,23,71,"EII","EII",55,55
"6",-49745.22,-50001.27,66,10,0.2,0.34,34,6,"EII","EII",66,66
"7",-49413.1,-49716.32,11,83,0.54,0.28,10,30,"EII","EII",77,77
"8",-49147.43,-49467.54,37,85,0.25,0.15,27,17,"EII","EII",88,88
"9",-48932.84,-49255.96,139,169,0.15,0.03,125,78,"EII","EII",99,99
"10",-48750.79,-49082.87,44,197,0.68,0.15,17,85,"EII","EII",110,110
