"","best_ll_s1","best_ll_s2","iter_best_s1","iter_best_s2","d_s1","d_s2","iter4sec_s1","iter4sec_s2","model_s1","model_s2","df_1","df_2"
"1",-1e+07,-1e+07,NA,NA,0,0,NA,NA,NA,NA,NA,NA
"2",-52263.91,-52386.99,182,159,0.02,0,139,41,"EII","EII",22,22
"3",-51512.69,-51703.47,194,24,0.04,0.17,58,6,"EII","EII",33,33
"4",-50777.09,-50944.32,160,119,0.02,0.04,54,107,"EII","EII",44,44
"5",-50058.99,-50387.8,129,158,0.05,0.09,13,65,"EII","EII",55,55
"6",-49745.44,-50001.2,200,151,0.2,0.19,76,5,"EII","EII",66,66
"7",-49413.24,-49716.59,100,155,0.2,0.09,60,91,"EII","EII",77,77
"8",-49147.53,-49467.31,190,26,0.2,0.57,8,16,"EII","EII",88,88
"9",-48932.76,-49255.99,123,39,0.34,0.85,61,36,"EII","EII",99,99
"10",-48750.69,-49082.62,168,62,0.4,0.19,77,50,"EII","EII",110,110
