"","best_ll_s1","best_ll_s2","iter_best_s1","iter_best_s2","d_s1","d_s2","iter4sec_s1","iter4sec_s2","model_s1","model_s2","df_1","df_2"
"1",-1e+07,-1e+07,NA,NA,0,0,NA,NA,NA,NA,NA,NA
"2",-52263.88,-52386.99,11,78,0.29,0.04,7,1,"EII","EII",22,22
"3",-51512.41,-51703.53,185,56,0.11,0.02,11,23,"EII","EII",33,33
"4",-50777.07,-50944.29,47,13,0.08,0.05,12,6,"EII","EII",44,44
"5",-50059.05,-50387.81,10,69,0.09,0.09,9,44,"EII","EII",55,55
"6",-49745.36,-50001.32,72,97,0.18,0.03,48,63,"EII","EII",66,66
"7",-49413.18,-49716.61,121,57,0.24,0.62,19,45,"EII","EII",77,77
"8",-49147.66,-49467.6,97,43,0.36,0.09,4,28,"EII","EII",88,88
"9",-48932.78,-49255.69,101,175,0.19,0.02,27,69,"EII","EII",99,99
"10",-48750.75,-49082.96,90,106,0.21,0.06,37,42,"EII","EII",110,110
