"","best_ll_s1","best_ll_s2","iter_best_s1","iter_best_s2","d_s1","d_s2","iter4sec_s1","iter4sec_s2","model_s1","model_s2","df_1","df_2"
"1",-1e+07,-1e+07,NA,NA,0,0,NA,NA,NA,NA,NA,NA
"2",-52263.88,-52386.96,41,140,0.11,0.06,22,100,"EII","EII",22,22
"3",-51512.6,-51703.48,67,153,0.1,0.02,31,115,"EII","EII",33,33
"4",-50777.09,-50944.33,2,16,1.07,0.04,1,4,"EII","EII",44,44
"5",-50059,-50387.89,148,125,0.09,0.01,127,79,"EII","EII",55,55
"6",-49745.6,-50001.35,197,168,0.11,0.02,65,69,"EII","EII",66,66
"7",-49413.17,-49716.65,105,54,0.17,0.03,71,24,"EII","EII",77,77
"8",-49147.7,-49467.51,197,98,0.07,0.14,68,14,"EII","EII",88,88
"9",-48933.09,-49255.45,98,98,0.02,0.04,3,92,"EII","EII",99,99
"10",-48750.5,-49082.62,21,78,0.34,0.51,15,15,"EII","EII",110,110
