"","best_ll_s1","best_ll_s2","iter_best_s1","iter_best_s2","d_s1","d_s2","iter4sec_s1","iter4sec_s2","model_s1","model_s2","df_1","df_2"
"1",-1e+07,-1e+07,NA,NA,0,0,NA,NA,NA,NA,NA,NA
"2",-52263.89,-52386.98,103,103,0,0.01,25,69,"EII","EII",22,22
"3",-51512.73,-51703.54,112,195,0.02,0,52,144,"EII","EII",33,33
"4",-50777.1,-50944.33,19,49,0.02,0.01,9,15,"EII","EII",44,44
"5",-50058.95,-50387.9,103,41,0.15,0.1,86,25,"EII","EII",55,55
"6",-49745.54,-50001.23,69,100,0.17,0.19,15,99,"EII","EII",66,66
"7",-49412.97,-49716.64,182,39,0.58,0.02,3,1,"EII","EII",77,77
"8",-49147.78,-49467.54,170,19,0.02,0.12,132,17,"EII","EII",88,88
"9",-48932.89,-49255.65,15,127,0.48,0.17,8,63,"EII","EII",99,99
"10",-48751.33,-49083.13,137,194,0.59,0.16,116,2,"EII","EII",110,110
