"","best_ll_s1","best_ll_s2","iter_best_s1","iter_best_s2","d_s1","d_s2","iter4sec_s1","iter4sec_s2","model_s1","model_s2","df_1","df_2"
"1",-1e+07,-1e+07,NA,NA,0,0,NA,NA,NA,NA,NA,NA
"2",-52263.87,-52386.96,54,38,0.16,0.07,13,37,"EII","EII",22,22
"3",-51512.59,-51703.48,110,122,0.08,0.11,92,121,"EII","EII",33,33
"4",-50777.11,-50944.31,86,142,0.01,0.03,66,34,"EII","EII",44,44
"5",-50059.09,-50387.88,185,161,0.01,0.03,157,52,"EII","EII",55,55
"6",-49745.51,-50001.33,190,127,0.01,0.06,89,32,"EII","EII",66,66
"7",-49413.28,-49716.49,156,155,0.03,0.11,143,45,"EII","EII",77,77
"8",-49147.67,-49467.57,167,75,0.05,0.08,103,55,"EII","EII",88,88
"9",-48932.8,-49255.74,13,94,0.07,0.44,9,90,"EII","EII",99,99
"10",-48750.84,-49082.71,140,62,0.69,0.52,134,57,"EII","EII",110,110
