"","best_ll_s1","best_ll_s2","iter_best_s1","iter_best_s2","d_s1","d_s2","iter4sec_s1","iter4sec_s2","model_s1","model_s2","df_1","df_2"
"1",-1e+07,-1e+07,NA,NA,0,0,NA,NA,NA,NA,NA,NA
"2",-52263.87,-52387.02,6,98,0.3,0.01,5,44,"EII","EII",22,22
"3",-51512.52,-51703.56,5,139,0.77,0,1,62,"EII","EII",33,33
"4",-50777.1,-50944.36,166,194,0.03,0.01,94,162,"EII","EII",44,44
"5",-50058.94,-50387.85,21,166,0.21,0.06,13,142,"EII","EII",55,55
"6",-49745.67,-50001.14,68,142,0.01,0.2,3,114,"EII","EII",66,66
"7",-49412.96,-49716.5,4,198,1.08,0.07,2,46,"EII","EII",77,77
"8",-49147.54,-49467.55,61,132,0.46,0.01,7,72,"EII","EII",88,88
"9",-48932.96,-49255.37,127,18,0.81,1.7,92,17,"EII","EII",99,99
"10",-48750.39,-49082.19,83,165,0.84,0.83,50,129,"EII","EII",110,110
