"","best_ll_s1","best_ll_s2","iter_best_s1","iter_best_s2","d_s1","d_s2","iter4sec_s1","iter4sec_s2","model_s1","model_s2","df_1","df_2"
"1",-1e+07,-1e+07,NA,NA,0,0,NA,NA,NA,NA,NA,NA
"2",-52263.9,-52386.97,163,113,0.05,0.09,32,42,"EII","EII",22,22
"3",-51512.71,-51703.49,21,101,0.1,0,4,8,"EII","EII",33,33
"4",-50777.02,-50944.34,37,159,0.02,0.01,21,125,"EII","EII",44,44
"5",-50058.99,-50387.85,169,53,0.05,0,115,11,"EII","EII",55,55
"6",-49745.6,-50001.22,14,75,18.3,0.12,4,72,"EII","EII",66,66
"7",-49413.28,-49716.38,162,23,0,0.2,32,1,"EII","EII",77,77
"8",-49147.71,-49467.54,33,174,1.2,0.07,5,155,"EII","EII",88,88
"9",-48932.61,-49255.45,25,8,0.7,1.7,5,2,"EII","EII",99,99
"10",-48751.15,-49082.67,161,170,0,0.5,134,13,"EII","EII",110,110
