"","best_ll_s1","best_ll_s2","iter_best_s1","iter_best_s2","d_s1","d_s2","iter4sec_s1","iter4sec_s2","model_s1","model_s2","df_1","df_2"
"1",-1e+07,-1e+07,NA,NA,0,0,NA,NA,NA,NA,NA,NA
"2",-52263.94,-52386.96,98,130,0,0,89,154,"EII","EII",22,22
"3",-51512.43,-51703.45,119,124,0.2,0.08,121,118,"EII","EII",33,33
"4",-50776.99,-50944.25,125,104,0.06,0.1,140,53,"EII","EII",44,44
"5",-50059.02,-50387.84,40,27,0,0.02,176,116,"EII","EII",55,55
"6",-49745.56,-50001.28,48,144,0.05,0.11,111,107,"EII","EII",66,66
"7",-49413.15,-49716.4,51,107,0.19,0.52,20,30,"EII","EII",77,77
"8",-49147.39,-49467.36,199,65,0.26,0.12,137,7,"EII","EII",88,88
"9",-48932.59,-49255.42,20,136,0.59,0.05,12,127,"EII","EII",99,99
"10",-48749.9,-49083.34,121,49,1.63,0,19,49,"EII","EII",110,110
