"","best_ll_s1","best_ll_s2","iter_best_s1","iter_best_s2","d_s1","d_s2","iter4sec_s1","iter4sec_s2","model_s1","model_s2","df_1","df_2"
"1",-1e+07,-1e+07,NA,NA,0,0,NA,NA,NA,NA,NA,NA
"2",-52263.88,-52386.96,101,140,0.01,0.01,27,135,"EII","EII",22,22
"3",-51512.36,-51703.51,99,100,0.11,0.02,39,64,"EII","EII",33,33
"4",-50777.05,-50944.29,60,34,0.18,0.06,2,27,"EII","EII",44,44
"5",-50059.06,-50387.81,97,25,0.01,0.31,59,14,"EII","EII",55,55
"6",-49745.2,-50001.44,47,131,0.81,0.04,31,34,"EII","EII",66,66
"7",-49413.22,-49716.42,141,168,0.15,0.15,34,17,"EII","EII",77,77
"8",-49147.5,-49467.57,137,109,0.32,0.12,110,19,"EII","EII",88,88
"9",-48932.99,-49255.49,200,17,0.14,0.77,90,2,"EII","EII",99,99
"10",-48751.15,-49082.53,1,137,400752056.45,1.41,0,94,"EII","EII",110,110
