"","best_ll_s1","best_ll_s2","iter_best_s1","iter_best_s2","d_s1","d_s2","iter4sec_s1","iter4sec_s2","model_s1","model_s2","df_1","df_2"
"1",-1e+07,-1e+07,NA,NA,0,0,NA,NA,NA,NA,NA,NA
"2",-52263.89,-52386.98,94,27,0.01,0.04,92,2,"EII","EII",22,22
"3",-51512.64,-51703.51,196,133,0.13,0.06,153,11,"EII","EII",33,33
"4",-50777,-50944.25,13,63,0.17,0.12,9,5,"EII","EII",44,44
"5",-50059.02,-50387.89,152,172,0.05,0.01,15,138,"EII","EII",55,55
"6",-49745.34,-50001.23,29,120,0.57,0.15,1,62,"EII","EII",66,66
"7",-49413.41,-49716.63,88,162,0.05,0.02,3,103,"EII","EII",77,77
"8",-49147.83,-49467.47,66,57,0.08,0.1,52,34,"EII","EII",88,88
"9",-48932.82,-49255.79,12,80,1.35,0.28,8,23,"EII","EII",99,99
"10",-48750.93,-49082.58,35,104,2.54,0.52,7,67,"EII","EII",110,110
