"","best_ll_s1","best_ll_s2","iter_best_s1","iter_best_s2","d_s1","d_s2","iter4sec_s1","iter4sec_s2","model_s1","model_s2","df_1","df_2"
"1",-1e+07,-1e+07,NA,NA,0,0,NA,NA,NA,NA,NA,NA
"2",-52263.88,-52386.98,132,41,0.01,0.2,84,31,"EII","EII",22,22
"3",-51512.47,-51703.49,59,53,0.13,0.08,10,26,"EII","EII",33,33
"4",-50777.06,-50944.35,134,150,0.07,0.01,102,147,"EII","EII",44,44
"5",-50058.94,-50387.89,128,6,0.05,0.5,1,5,"EII","EII",55,55
"6",-49745.51,-50001.17,46,174,0.34,0.2,28,25,"EII","EII",66,66
"7",-49413.08,-49716.4,123,173,0.21,0.2,80,30,"EII","EII",77,77
"8",-49147.61,-49467.55,169,37,0.05,0.57,121,10,"EII","EII",88,88
"9",-48933.08,-49255.55,32,32,1.67,0.78,7,6,"EII","EII",99,99
"10",-48750.73,-49083.36,54,43,0.48,1.19,25,36,"EII","EII",110,110
