"","best_ll_s1","best_ll_s2","iter_best_s1","iter_best_s2","d_s1","d_s2","iter4sec_s1","iter4sec_s2","model_s1","model_s2","df_1","df_2"
"1",-1e+07,-1e+07,NA,NA,0,0,NA,NA,NA,NA,NA,NA
"2",-52263.87,-52386.95,142,198,0.03,0.03,45,115,"EII","EII",22,22
"3",-51512.53,-51703.51,110,137,0.12,0.02,87,134,"EII","EII",33,33
"4",-50777.11,-50944.34,84,3,0.04,0.03,14,2,"EII","EII",44,44
"5",-50058.98,-50387.88,75,84,0.11,0.05,49,57,"EII","EII",55,55
"6",-49745.57,-50001.29,5,153,1.04,0.16,4,70,"EII","EII",66,66
"7",-49412.9,-49716.47,181,124,0.22,0.06,43,23,"EII","EII",77,77
"8",-49147.5,-49467.37,70,151,0.28,0.11,63,10,"EII","EII",88,88
"9",-48932.94,-49255.56,95,20,0.3,0.37,74,2,"EII","EII",99,99
"10",-48751.2,-49082.89,77,92,0.53,1.05,48,43,"EII","EII",110,110
