"","best_ll_s1","best_ll_s2","iter_best_s1","iter_best_s2","d_s1","d_s2","iter4sec_s1","iter4sec_s2","model_s1","model_s2","df_1","df_2"
"1",-1e+07,-1e+07,NA,NA,0,0,NA,NA,NA,NA,NA,NA
"2",-52263.88,-52386.97,62,16,0.01,0.09,28,6,"EII","EII",22,22
"3",-51512.38,-51703.53,180,138,0.16,0.03,98,119,"EII","EII",33,33
"4",-50777.1,-50944.35,144,92,0,0.01,82,33,"EII","EII",44,44
"5",-50059.06,-50387.88,116,63,0.02,0.03,108,62,"EII","EII",55,55
"6",-49745.35,-50001.19,41,87,0.04,0.19,16,64,"EII","EII",66,66
"7",-49413.11,-49716.6,131,187,0.32,0.06,74,104,"EII","EII",77,77
"8",-49147.82,-49467.44,74,187,0.31,0.16,44,85,"EII","EII",88,88
"9",-48933.02,-49255.57,118,19,0.13,0.57,63,10,"EII","EII",99,99
"10",-48750.82,-49083.03,68,176,0.42,0.22,24,14,"EII","EII",110,110
