"","best_ll_s1","best_ll_s2","iter_best_s1","iter_best_s2","d_s1","d_s2","iter4sec_s1","iter4sec_s2","model_s1","model_s2","df_1","df_2"
"1",-1e+07,-1e+07,NA,NA,0,0,NA,NA,NA,NA,NA,NA
"2",-52263.88,-52386.97,26,147,0.14,0.03,11,119,"EII","EII",22,22
"3",-51512.64,-51703.54,61,7,0.23,0.02,9,1,"EII","EII",33,33
"4",-50776.97,-50944.31,189,152,0,0.02,46,128,"EII","EII",44,44
"5",-50059.09,-50387.92,4,32,0.3,0.06,1,9,"EII","EII",55,55
"6",-49745.49,-50001.35,57,44,0.22,0.1,50,43,"EII","EII",66,66
"7",-49413.47,-49716.53,34,48,0.13,0.37,3,22,"EII","EII",77,77
"8",-49147.72,-49467.53,171,38,0.03,0.23,31,9,"EII","EII",88,88
"9",-48932.71,-49255.65,137,184,0.28,0.25,94,13,"EII","EII",99,99
"10",-48750.4,-49082.95,97,91,0.67,0.11,49,53,"EII","EII",110,110
