"","best_ll_s1","best_ll_s2","iter_best_s1","iter_best_s2","d_s1","d_s2","iter4sec_s1","iter4sec_s2","model_s1","model_s2","df_1","df_2"
"1",-1e+07,-1e+07,NA,NA,0,0,NA,NA,NA,NA,NA,NA
"2",-52263.87,-52386.94,59,137,0.03,0.01,27,24,"EII","EII",22,22
"3",-51512.57,-51703.48,30,190,0.14,0,8,161,"EII","EII",33,33
"4",-50777.13,-50944.34,150,89,0.01,0.04,23,63,"EII","EII",44,44
"5",-50058.97,-50387.89,149,165,0.05,0.01,129,89,"EII","EII",55,55
"6",-49745.43,-50001.37,64,97,0.21,0.05,46,3,"EII","EII",66,66
"7",-49413.24,-49716.56,66,138,0.12,0.1,1,127,"EII","EII",77,77
"8",-49147.5,-49467.89,133,49,0.23,0.34,124,13,"EII","EII",88,88
"9",-48932.49,-49255.42,198,142,0.68,0.64,137,40,"EII","EII",99,99
"10",-48750.88,-49082.61,45,122,0.78,0.33,30,6,"EII","EII",110,110
