"","best_ll_s1","best_ll_s2","iter_best_s1","iter_best_s2","d_s1","d_s2","iter4sec_s1","iter4sec_s2","model_s1","model_s2","df_1","df_2"
"1",-1e+07,-1e+07,NA,NA,0,0,NA,NA,NA,NA,NA,NA
"2",-52263.89,-52386.96,131,26,0.01,0.1,51,6,"EII","EII",22,22
"3",-51512.62,-51703.52,195,25,0.02,0.1,21,19,"EII","EII",33,33
"4",-50777.01,-50944.24,58,74,0.15,0.13,11,11,"EII","EII",44,44
"5",-50058.94,-50387.81,184,55,0.05,0.06,143,47,"EII","EII",55,55
"6",-49745.38,-50001.19,157,109,0.23,0.23,68,102,"EII","EII",66,66
"7",-49413.03,-49716.51,195,134,0.15,0.11,89,67,"EII","EII",77,77
"8",-49147.44,-49467.76,124,15,0.08,0.1,20,5,"EII","EII",88,88
"9",-48932.82,-49255.83,34,40,0.16,0.47,2,32,"EII","EII",99,99
"10",-48750.66,-49083.05,72,48,0.33,0.69,2,1,"EII","EII",110,110
