"","best_ll_s1","best_ll_s2","iter_best_s1","iter_best_s2","d_s1","d_s2","iter4sec_s1","iter4sec_s2","model_s1","model_s2","df_1","df_2"
"1",-1e+07,-1e+07,NA,NA,0,0,NA,NA,NA,NA,NA,NA
"2",-52263.88,-52386.96,125,25,0.02,0,62,7,"EII","EII",22,22
"3",-51512.56,-51703.43,97,161,0.07,0.06,89,27,"EII","EII",33,33
"4",-50777.06,-50944.36,111,152,0.12,0.01,43,43,"EII","EII",44,44
"5",-50058.93,-50387.9,53,54,0.12,0.04,19,34,"EII","EII",55,55
"6",-49745.47,-50001.37,181,72,0.03,0.01,176,7,"EII","EII",66,66
"7",-49413.17,-49716.47,101,11,0.12,1.06,68,7,"EII","EII",77,77
"8",-49147.73,-49467.58,199,75,0,0.05,2,27,"EII","EII",88,88
"9",-48933.19,-49255.36,129,134,0.02,0.75,84,108,"EII","EII",99,99
"10",-48750.78,-49082.67,84,108,0.09,0.35,54,69,"EII","EII",110,110
