"","best_ll_s1","best_ll_s2","iter_best_s1","iter_best_s2","d_s1","d_s2","iter4sec_s1","iter4sec_s2","model_s1","model_s2","df_1","df_2"
"1",-1e+07,-1e+07,NA,NA,0,0,NA,NA,NA,NA,NA,NA
"2",-52263.86,-52386.95,97,6,0.01,0.35,4,4,"EII","EII",22,22
"3",-51512.49,-51703.47,107,74,0.19,0,57,93,"EII","EII",33,33
"4",-50777.05,-50944.27,161,71,0.01,0.06,52,52,"EII","EII",44,44
"5",-50059.01,-50387.88,33,104,0.12,0.04,9,20,"EII","EII",55,55
"6",-49745.47,-50001.46,165,81,0.05,0,139,71,"EII","EII",66,66
"7",-49413,-49716.29,127,104,0.16,0.25,24,92,"EII","EII",77,77
"8",-49147.68,-49467.5,166,73,0.06,0.13,108,72,"EII","EII",88,88
"9",-48932.62,-49255.75,51,17,0.71,0.22,21,130,"EII","EII",99,99
"10",-48750.28,-49083.22,92,74,0.11,0.04,187,126,"EII","EII",110,110
