"","best_ll_s1","best_ll_s2","iter_best_s1","iter_best_s2","d_s1","d_s2","iter4sec_s1","iter4sec_s2","model_s1","model_s2","df_1","df_2"
"1",-1e+07,-1e+07,NA,NA,0,0,NA,NA,NA,NA,NA,NA
"2",-52263.89,-52386.97,77,101,0.01,0.02,47,69,"EII","EII",22,22
"3",-51512.67,-51703.46,133,176,0.05,0.06,99,102,"EII","EII",33,33
"4",-50777.07,-50944.36,69,198,0.03,0,13,7,"EII","EII",44,44
"5",-50059.07,-50387.87,135,11,0.04,0.11,60,10,"EII","EII",55,55
"6",-49745.32,-50001.12,110,65,0.14,0.35,64,48,"EII","EII",66,66
"7",-49413.12,-49716.45,198,160,0.01,0.13,169,81,"EII","EII",77,77
"8",-49147.64,-49467.13,15,168,0.29,0.42,13,56,"EII","EII",88,88
"9",-48932.7,-49255.62,179,136,0.13,0.2,63,77,"EII","EII",99,99
"10",-48750.66,-49082.73,79,40,0.3,0.9,73,24,"EII","EII",110,110
