"","best_ll_s1","best_ll_s2","iter_best_s1","iter_best_s2","d_s1","d_s2","iter4sec_s1","iter4sec_s2","model_s1","model_s2","df_1","df_2"
"1",-1e+07,-1e+07,NA,NA,0,0,NA,NA,NA,NA,NA,NA
"2",-52263.87,-52386.96,99,98,0.02,0,76,67,"EII","EII",22,22
"3",-51512.7,-51703.44,105,172,0.01,0.12,16,158,"EII","EII",33,33
"4",-50777.04,-50944.31,30,173,0.18,0.04,6,43,"EII","EII",44,44
"5",-50058.93,-50387.9,143,74,0.14,0.01,95,33,"EII","EII",55,55
"6",-49745.36,-50001.34,130,193,0.1,0.11,14,9,"EII","EII",66,66
"7",-49412.93,-49716.44,182,68,0.34,0.15,123,24,"EII","EII",77,77
"8",-49147.65,-49467.49,173,180,0.05,0.08,91,114,"EII","EII",88,88
"9",-48932.92,-49255.63,181,49,0.3,0.45,159,36,"EII","EII",99,99
"10",-48751.51,-49083.22,115,18,0.16,0.84,92,10,"EII","EII",110,110
