"","best_ll_s1","best_ll_s2","iter_best_s1","iter_best_s2","d_s1","d_s2","iter4sec_s1","iter4sec_s2","model_s1","model_s2","df_1","df_2"
"1",-1e+07,-1e+07,NA,NA,0,0,NA,NA,NA,NA,NA,NA
"2",-52263.87,-52386.96,75,109,0.04,0.01,35,37,"EII","EII",22,22
"3",-51512.37,-51703.53,7,115,0.92,0.01,4,89,"EII","EII",33,33
"4",-50777.03,-50944.36,144,3,0.01,0.21,6,1,"EII","EII",44,44
"5",-50059.09,-50387.87,170,109,0.02,0.05,34,32,"EII","EII",55,55
"6",-49745.57,-50001.35,57,155,0.17,0.12,53,102,"EII","EII",66,66
"7",-49413.41,-49716.49,31,182,0.09,0.24,10,149,"EII","EII",77,77
"8",-49147.91,-49467.24,19,195,0.24,0.15,18,102,"EII","EII",88,88
"9",-48932.52,-49255.69,39,121,1.21,0.47,34,94,"EII","EII",99,99
"10",-48750.64,-49083.39,102,156,0.3,0.24,44,115,"EII","EII",110,110
