"","best_ll_s1","best_ll_s2","iter_best_s1","iter_best_s2","d_s1","d_s2","iter4sec_s1","iter4sec_s2","model_s1","model_s2","df_1","df_2"
"1",-1e+07,-1e+07,NA,NA,0,0,NA,NA,NA,NA,NA,NA
"2",-52263.9,-52386.98,111,28,0,0.3,35,5,"EII","EII",22,22
"3",-51512.59,-51703.42,192,188,0.04,0.12,142,186,"EII","EII",33,33
"4",-50777.07,-50944.28,136,132,0.05,0.06,38,7,"EII","EII",44,44
"5",-50058.98,-50387.87,181,81,0.05,0.04,143,46,"EII","EII",55,55
"6",-49745.57,-50001.12,108,126,0.03,0.17,50,89,"EII","EII",66,66
"7",-49413.29,-49716.68,10,58,0.25,0.34,4,42,"EII","EII",77,77
"8",-49147.69,-49467.54,121,167,0.04,0.05,70,57,"EII","EII",88,88
"9",-48933.08,-49255.69,132,11,0.19,0.75,45,2,"EII","EII",99,99
"10",-48750.61,-49082.71,130,131,0.14,0.6,53,112,"EII","EII",110,110
