"","best_ll_s1","best_ll_s2","iter_best_s1","iter_best_s2","d_s1","d_s2","iter4sec_s1","iter4sec_s2","model_s1","model_s2","df_1","df_2"
"1",-1e+07,-1e+07,NA,NA,0,0,NA,NA,NA,NA,NA,NA
"2",-52263.88,-52386.97,137,179,0,0.01,130,126,"EII","EII",22,22
"3",-51512.53,-51703.59,177,85,0.08,0.01,62,48,"EII","EII",33,33
"4",-50777,-50944.33,32,25,0.17,0.06,12,15,"EII","EII",44,44
"5",-50059.04,-50387.79,34,198,0.08,0.12,22,138,"EII","EII",55,55
"6",-49745.25,-50001.31,116,110,0.45,0.13,111,3,"EII","EII",66,66
"7",-49412.96,-49716.43,53,49,0.79,0.2,9,43,"EII","EII",77,77
"8",-49147.52,-49467.62,148,119,0.31,0.07,102,48,"EII","EII",88,88
"9",-48933.04,-49255.72,79,51,0.22,0.56,17,34,"EII","EII",99,99
"10",-48750.38,-49082.77,199,156,0.25,0.04,133,98,"EII","EII",110,110
