"","best_ll_s1","best_ll_s2","iter_best_s1","iter_best_s2","d_s1","d_s2","iter4sec_s1","iter4sec_s2","model_s1","model_s2","df_1","df_2"
"1",-1e+07,-1e+07,NA,NA,0,0,NA,NA,NA,NA,NA,NA
"2",-52263.87,-52386.99,164,45,0,0.08,52,38,"EII","EII",22,22
"3",-51512.61,-51703.54,43,174,0.17,0.01,37,60,"EII","EII",33,33
"4",-50777.05,-50944.33,64,61,0.07,0.01,61,46,"EII","EII",44,44
"5",-50058.95,-50387.9,128,157,0.05,0,31,24,"EII","EII",55,55
"6",-49745.34,-50001.16,195,181,0.16,0.18,132,172,"EII","EII",66,66
"7",-49413.13,-49716.32,42,157,0.21,0.14,35,25,"EII","EII",77,77
"8",-49147.64,-49467.36,120,173,0.38,0.22,63,72,"EII","EII",88,88
"9",-48932.89,-49255.54,178,22,0.4,1.27,115,10,"EII","EII",99,99
"10",-48750.65,-49082.52,70,190,0.91,0.04,47,175,"EII","EII",110,110
