"","best_ll_s1","best_ll_s2","iter_best_s1","iter_best_s2","d_s1","d_s2","iter4sec_s1","iter4sec_s2","model_s1","model_s2","df_1","df_2"
"1",-1e+07,-1e+07,NA,NA,0,0,NA,NA,NA,NA,NA,NA
"2",-52263.88,-52386.97,43,12,0,0.31,12,8,"EII","EII",22,22
"3",-51512.39,-51703.45,142,54,0.16,0.01,49,43,"EII","EII",33,33
"4",-50777.03,-50944.29,142,137,0.09,0.08,98,30,"EII","EII",44,44
"5",-50059.08,-50387.9,82,165,0.04,0,40,143,"EII","EII",55,55
"6",-49745.53,-50001.36,138,171,0.03,0.06,92,50,"EII","EII",66,66
"7",-49413.18,-49716.42,31,171,0.1,0.27,9,145,"EII","EII",77,77
"8",-49147.94,-49467.52,116,176,0.17,0.11,18,35,"EII","EII",88,88
"9",-48933.02,-49255.52,169,155,0.11,0.21,34,138,"EII","EII",99,99
"10",-48750.26,-49082.57,109,135,0.33,0.69,39,93,"EII","EII",110,110
