"","best_ll_s1","best_ll_s2","iter_best_s1","iter_best_s2","d_s1","d_s2","iter4sec_s1","iter4sec_s2","model_s1","model_s2","df_1","df_2"
"1",-1e+07,-1e+07,NA,NA,0,0,NA,NA,NA,NA,NA,NA
"2",-52263.89,-52386.98,6,194,0.28,0.01,2,30,"EII","EII",22,22
"3",-51512.61,-51703.41,8,115,0.47,0.12,6,48,"EII","EII",33,33
"4",-50777.01,-50944.32,126,17,0.12,0.02,117,2,"EII","EII",44,44
"5",-50059.02,-50387.9,87,56,0.08,0.01,17,22,"EII","EII",55,55
"6",-49745.51,-50001.39,155,125,0.1,0,33,86,"EII","EII",66,66
"7",-49413.09,-49716.42,67,120,0.19,0.2,9,14,"EII","EII",77,77
"8",-49147.77,-49467.6,37,141,0.37,0.08,32,70,"EII","EII",88,88
"9",-48933.14,-49255.36,200,55,0.23,0.07,1,6,"EII","EII",99,99
"10",-48750.76,-49082.31,132,141,0.92,1.22,12,40,"EII","EII",110,110
