"","best_ll_s1","best_ll_s2","iter_best_s1","iter_best_s2","d_s1","d_s2","iter4sec_s1","iter4sec_s2","model_s1","model_s2","df_1","df_2"
"1",-1e+07,-1e+07,NA,NA,0,0,NA,NA,NA,NA,NA,NA
"2",-52263.93,-52386.99,42,43,0.04,0.01,27,2,"EII","EII",22,22
"3",-51512.34,-51703.49,119,110,0.29,0.01,96,28,"EII","EII",33,33
"4",-50777.07,-50944.33,122,134,0.05,0.02,85,106,"EII","EII",44,44
"5",-50059,-50387.92,20,186,0.09,0.02,5,181,"EII","EII",55,55
"6",-49745.32,-50001.33,114,132,0.11,0.07,14,8,"EII","EII",66,66
"7",-49413.16,-49716.45,4,74,0.59,0.16,1,60,"EII","EII",77,77
"8",-49147.68,-49467.7,115,157,0.12,0.01,40,52,"EII","EII",88,88
"9",-48933.07,-49255.55,145,178,0.09,0.01,61,140,"EII","EII",99,99
"10",-48750.59,-49083.06,167,160,0.53,0.12,140,12,"EII","EII",110,110
