"","best_ll_s1","best_ll_s2","iter_best_s1","iter_best_s2","d_s1","d_s2","iter4sec_s1","iter4sec_s2","model_s1","model_s2","df_1","df_2"
"1",-1e+07,-1e+07,NA,NA,0,0,NA,NA,NA,NA,NA,NA
"2",-52263.88,-52386.97,7,35,0.28,0.19,2,2,"EII","EII",22,22
"3",-51512.37,-51703.41,183,148,0.24,0.13,50,120,"EII","EII",33,33
"4",-50776.98,-50944.27,189,121,0.13,0.06,149,9,"EII","EII",44,44
"5",-50059.02,-50387.89,198,155,0.01,0.03,6,67,"EII","EII",55,55
"6",-49745.42,-50001.21,109,32,0.13,0.2,47,2,"EII","EII",66,66
"7",-49413.27,-49716.42,114,59,0.01,0.42,9,24,"EII","EII",77,77
"8",-49147.66,-49467.38,35,41,0.03,0.5,27,38,"EII","EII",88,88
"9",-48933.03,-49255.61,187,130,0.07,0.29,168,110,"EII","EII",99,99
"10",-48750.57,-49082.78,57,196,0.48,1.04,1,190,"EII","EII",110,110
