"","best_ll_s1","best_ll_s2","iter_best_s1","iter_best_s2","d_s1","d_s2","iter4sec_s1","iter4sec_s2","model_s1","model_s2","df_1","df_2"
"1",-1e+07,-1e+07,NA,NA,0,0,NA,NA,NA,NA,NA,NA
"2",-52263.87,-52386.96,94,197,0,0.01,1,136,"EII","EII",22,22
"3",-51512.79,-51703.52,126,76,0.06,0.06,86,45,"EII","EII",33,33
"4",-50777.01,-50944.36,52,32,0.13,0,29,4,"EII","EII",44,44
"5",-50059.03,-50387.88,57,20,0.07,0.33,22,14,"EII","EII",55,55
"6",-49745.37,-50001.35,85,20,0.06,0.15,29,15,"EII","EII",66,66
"7",-49413.39,-49716.48,72,26,0.16,0.26,61,12,"EII","EII",77,77
"8",-49147.58,-49467.27,152,148,0.03,0.38,72,82,"EII","EII",88,88
"9",-48932.82,-49255.89,95,195,0.41,0.31,91,147,"EII","EII",99,99
"10",-48751.03,-49083.31,162,82,0.21,0.54,141,2,"EII","EII",110,110
