"","best_ll_s1","best_ll_s2","iter_best_s1","iter_best_s2","d_s1","d_s2","iter4sec_s1","iter4sec_s2","model_s1","model_s2","df_1","df_2"
"1",-1e+07,-1e+07,NA,NA,0,0,NA,NA,NA,NA,NA,NA
"2",-52263.88,-52386.97,189,110,0.01,0.01,124,3,"EII","EII",22,22
"3",-51512.49,-51703.51,30,121,0.25,0.01,6,74,"EII","EII",33,33
"4",-50777.01,-50944.3,185,103,0.01,0.04,86,58,"EII","EII",44,44
"5",-50059.03,-50387.88,5,119,0.46,0.02,2,22,"EII","EII",55,55
"6",-49745.43,-50001.36,145,163,0.09,0.02,124,81,"EII","EII",66,66
"7",-49413.14,-49716.52,56,158,0.06,0.1,19,134,"EII","EII",77,77
"8",-49147.8,-49467.42,37,175,0.07,0.13,28,74,"EII","EII",88,88
"9",-48932.75,-49255.94,60,178,0.83,0.15,14,157,"EII","EII",99,99
"10",-48750.45,-49082.84,60,23,1.43,1.13,13,16,"EII","EII",110,110
