"","best_ll_s1","best_ll_s2","iter_best_s1","iter_best_s2","d_s1","d_s2","iter4sec_s1","iter4sec_s2","model_s1","model_s2","df_1","df_2"
"1",-1e+07,-1e+07,NA,NA,0,0,NA,NA,NA,NA,NA,NA
"2",-52263.89,-52386.96,174,188,0,0,142,49,"EII","EII",22,22
"3",-51512.47,-51703.51,198,32,0.21,0.07,8,27,"EII","EII",33,33
"4",-50777.05,-50944.35,64,115,0.12,0,17,25,"EII","EII",44,44
"5",-50058.97,-50387.86,24,126,0.17,0.02,8,57,"EII","EII",55,55
"6",-49745.2,-50001.41,124,24,0.14,0.23,24,14,"EII","EII",66,66
"7",-49413.23,-49716.6,121,113,0.09,0.09,62,66,"EII","EII",77,77
"8",-49147.66,-49467.3,97,17,0.18,1.33,43,12,"EII","EII",88,88
"9",-48932.92,-49255.1,4,125,66.98,0.52,3,15,"EII","EII",99,99
"10",-48751.05,-49082.9,4,106,22.47,0,3,11,"EII","EII",110,110
