"","best_ll_s1","best_ll_s2","iter_best_s1","iter_best_s2","d_s1","d_s2","iter4sec_s1","iter4sec_s2","model_s1","model_s2","df_1","df_2"
"1",-1e+07,-1e+07,NA,NA,0,0,NA,NA,NA,NA,NA,NA
"2",-52263.87,-52386.96,200,31,0.01,0.07,187,10,"EII","EII",22,22
"3",-51512.49,-51703.48,68,57,0.15,0.07,50,1,"EII","EII",33,33
"4",-50777.03,-50944.35,87,138,0.04,0,7,73,"EII","EII",44,44
"5",-50059.03,-50387.88,83,53,0.03,0.06,60,24,"EII","EII",55,55
"6",-49745.45,-50001.36,21,184,0.07,0.02,5,93,"EII","EII",66,66
"7",-49413.26,-49716.38,72,94,0.43,0.17,55,15,"EII","EII",77,77
"8",-49147.47,-49467.02,38,8,0.35,51.56,19,7,"EII","EII",88,88
"9",-48932.89,-49255.97,9,171,3.02,0.04,3,66,"EII","EII",99,99
"10",-48750.5,-49082.5,34,70,1.9,0.96,4,51,"EII","EII",110,110
