"","best_ll_s1","best_ll_s2","iter_best_s1","iter_best_s2","d_s1","d_s2","iter4sec_s1","iter4sec_s2","model_s1","model_s2","df_1","df_2"
"1",-1e+07,-1e+07,NA,NA,0,0,NA,NA,NA,NA,NA,NA
"2",-52263.9,-52386.99,123,82,0.01,0.02,80,31,"EII","EII",22,22
"3",-51512.64,-51703.51,27,41,0.14,0.06,23,24,"EII","EII",33,33
"4",-50777.1,-50944.27,119,15,0.02,0.11,105,3,"EII","EII",44,44
"5",-50059.02,-50387.89,119,31,0.03,0.06,78,28,"EII","EII",55,55
"6",-49745.42,-50001.24,9,110,1.01,0.18,5,58,"EII","EII",66,66
"7",-49413.11,-49716.43,149,176,0.14,0.01,147,156,"EII","EII",77,77
"8",-49147.74,-49467.56,116,48,0.21,0.26,76,10,"EII","EII",88,88
"9",-48932.72,-49255.62,54,66,0.45,0.68,48,21,"EII","EII",99,99
"10",-48750.74,-49082.63,183,54,0.31,0.45,33,51,"EII","EII",110,110
