"","best_ll_s1","best_ll_s2","iter_best_s1","iter_best_s2","d_s1","d_s2","iter4sec_s1","iter4sec_s2","model_s1","model_s2","df_1","df_2"
"1",-1e+07,-1e+07,NA,NA,0,0,NA,NA,NA,NA,NA,NA
"2",-52263.9,-52386.98,33,55,0.09,0.08,14,27,"EII","EII",22,22
"3",-51512.51,-51703.51,71,24,0.2,0.09,38,21,"EII","EII",33,33
"4",-50776.95,-50944.3,110,124,0.19,0.04,103,75,"EII","EII",44,44
"5",-50058.94,-50387.88,197,15,0.07,0.11,174,11,"EII","EII",55,55
"6",-49745.48,-50001.27,199,73,0,0.12,103,56,"EII","EII",66,66
"7",-49413.24,-49716.58,164,58,0.03,0.54,133,39,"EII","EII",77,77
"8",-49147.78,-49467.54,95,25,0.08,1.2,85,9,"EII","EII",88,88
"9",-48932.85,-49255.74,94,62,0.34,0.41,43,23,"EII","EII",99,99
"10",-48750.42,-49083.21,62,23,0.72,1.02,32,22,"EII","EII",110,110
