"","best_ll_s1","best_ll_s2","iter_best_s1","iter_best_s2","d_s1","d_s2","iter4sec_s1","iter4sec_s2","model_s1","model_s2","df_1","df_2"
"1",-1e+07,-1e+07,NA,NA,0,0,NA,NA,NA,NA,NA,NA
"2",-52263.87,-52386.96,13,1,0.21,499950000.32,7,0,"EII","EII",22,22
"3",-51512.4,-51703.46,134,95,0.2,0.07,98,1,"EII","EII",33,33
"4",-50777.08,-50944.35,122,178,0.03,0.01,42,9,"EII","EII",44,44
"5",-50059.04,-50387.88,139,42,0.04,0.12,38,2,"EII","EII",55,55
"6",-49745.49,-50001.34,48,43,0.19,0.2,29,37,"EII","EII",66,66
"7",-49413.19,-49716.43,16,190,0.28,0.2,14,115,"EII","EII",77,77
"8",-49147.72,-49467.39,120,83,0,0.39,93,81,"EII","EII",88,88
"9",-48932.98,-49255.56,142,123,0.05,0.46,47,40,"EII","EII",99,99
"10",-48750.71,-49082.34,60,173,0.38,0.13,17,119,"EII","EII",110,110
