"","best_ll_s1","best_ll_s2","iter_best_s1","iter_best_s2","d_s1","d_s2","iter4sec_s1","iter4sec_s2","model_s1","model_s2","df_1","df_2"
"1",-1e+07,-1e+07,NA,NA,0,0,NA,NA,NA,NA,NA,NA
"2",-52263.88,-52386.96,116,85,0.02,0.03,30,15,"EII","EII",22,22
"3",-51512.59,-51703.49,150,48,0.11,0.08,70,21,"EII","EII",33,33
"4",-50777.13,-50944.34,47,66,0.01,0.02,26,27,"EII","EII",44,44
"5",-50059.07,-50387.89,76,61,0.02,0.01,72,31,"EII","EII",55,55
"6",-49745.51,-50001.4,147,117,0.03,0.08,65,82,"EII","EII",66,66
"7",-49413.2,-49716.33,1,99,48955623.36,0.42,0,74,"EII","EII",77,77
"8",-49147.51,-49467.37,149,190,0.01,0,62,65,"EII","EII",88,88
"9",-48933.19,-49255.61,30,147,1.32,0.26,16,91,"EII","EII",99,99
"10",-48750.78,-49082.61,140,190,0.28,0.62,30,55,"EII","EII",110,110
