"","best_ll_s1","best_ll_s2","iter_best_s1","iter_best_s2","d_s1","d_s2","iter4sec_s1","iter4sec_s2","model_s1","model_s2","df_1","df_2"
"1",-1e+07,-1e+07,NA,NA,0,0,NA,NA,NA,NA,NA,NA
"2",-52263.88,-52386.97,50,127,0.05,0.04,17,96,"EII","EII",22,22
"3",-51512.79,-51703.52,23,6,0.1,0.16,8,5,"EII","EII",33,33
"4",-50777.04,-50944.32,8,141,0.2,0.01,3,40,"EII","EII",44,44
"5",-50058.97,-50387.85,2,178,0.42,0.05,1,134,"EII","EII",55,55
"6",-49745.29,-50001.36,33,36,0.37,0.2,15,11,"EII","EII",66,66
"7",-49412.87,-49716.63,29,35,0.51,0.2,18,14,"EII","EII",77,77
"8",-49147.81,-49467.73,166,10,0.2,1.75,31,3,"EII","EII",88,88
"9",-48932.74,-49255.83,18,81,2.25,0.11,3,74,"EII","EII",99,99
"10",-48750.71,-49082.4,120,39,1.36,1.88,21,24,"EII","EII",110,110
