"","best_ll_s1","best_ll_s2","iter_best_s1","iter_best_s2","d_s1","d_s2","iter4sec_s1","iter4sec_s2","model_s1","model_s2","df_1","df_2"
"1",-1e+07,-1e+07,NA,NA,0,0,NA,NA,NA,NA,NA,NA
"2",-52263.86,-52386.94,196,84,0.02,0.07,151,49,"EII","EII",22,22
"3",-51512.65,-51703.49,176,154,0.03,0.02,25,117,"EII","EII",33,33
"4",-50776.97,-50944.31,107,114,0.08,0,31,148,"EII","EII",44,44
"5",-50058.98,-50387.87,120,115,0.1,0.01,1,104,"EII","EII",55,55
"6",-49745.34,-50001.38,2,184,0.2,0,42,48,"EII","EII",66,66
"7",-49413.05,-49716.48,153,133,0.35,0.03,140,69,"EII","EII",77,77
"8",-49147.57,-49467.4,152,200,0.27,0.17,78,73,"EII","EII",88,88
"9",-48932.33,-49255.56,153,13,0.63,0.09,3,116,"EII","EII",99,99
"10",-48750.99,-49082.68,161,115,0.12,0.07,56,77,"EII","EII",110,110
