"","best_ll_s1","best_ll_s2","iter_best_s1","iter_best_s2","d_s1","d_s2","iter4sec_s1","iter4sec_s2","model_s1","model_s2","df_1","df_2"
"1",-1e+07,-1e+07,NA,NA,0,0,NA,NA,NA,NA,NA,NA
"2",-52263.89,-52386.97,149,192,0.07,0,41,184,"EII","EII",22,22
"3",-51512.4,-51703.52,157,51,0.29,0.02,104,46,"EII","EII",33,33
"4",-50777.02,-50944.34,102,70,0.05,0.06,56,41,"EII","EII",44,44
"5",-50059.05,-50387.88,55,87,0.02,0.01,52,74,"EII","EII",55,55
"6",-49745.51,-50001.33,158,133,0.36,0.07,52,101,"EII","EII",66,66
"7",-49413.05,-49716.42,119,20,0.31,0.6,32,1,"EII","EII",77,77
"8",-49147.6,-49467.5,21,170,0.79,0.13,7,54,"EII","EII",88,88
"9",-48932.75,-49255.28,65,183,0.85,0.38,62,3,"EII","EII",99,99
"10",-48751.14,-49082.65,109,27,0.01,0.75,103,18,"EII","EII",110,110
