"","best_ll_s1","best_ll_s2","iter_best_s1","iter_best_s2","d_s1","d_s2","iter4sec_s1","iter4sec_s2","model_s1","model_s2","df_1","df_2"
"1",-1e+07,-1e+07,NA,NA,0,0,NA,NA,NA,NA,NA,NA
"2",-52263.87,-52386.96,127,14,0.02,0.35,117,9,"EII","EII",22,22
"3",-51512.51,-51703.52,102,71,0.32,0.06,49,17,"EII","EII",33,33
"4",-50777.03,-50944.3,193,52,0.06,0.08,135,13,"EII","EII",44,44
"5",-50059.02,-50387.86,6,191,0.24,0.01,5,5,"EII","EII",55,55
"6",-49745.67,-50001.34,15,170,0.52,0.04,1,116,"EII","EII",66,66
"7",-49413.16,-49716.48,40,145,0.12,0.01,36,15,"EII","EII",77,77
"8",-49147.56,-49467.56,109,33,0.17,0.17,99,3,"EII","EII",88,88
"9",-48932.7,-49255.75,65,176,0.38,0,8,32,"EII","EII",99,99
"10",-48750.62,-49082.52,63,174,1.22,0.77,30,59,"EII","EII",110,110
