"","best_ll_s1","best_ll_s2","iter_best_s1","iter_best_s2","d_s1","d_s2","iter4sec_s1","iter4sec_s2","model_s1","model_s2","df_1","df_2"
"1",-1e+07,-1e+07,NA,NA,0,0,NA,NA,NA,NA,NA,NA
"2",-52263.9,-52386.99,60,102,0.04,0.04,7,7,"EII","EII",22,22
"3",-51512.52,-51703.38,96,82,0.14,0.14,81,68,"EII","EII",33,33
"4",-50777.07,-50944.36,153,192,0,0,145,24,"EII","EII",44,44
"5",-50058.99,-50387.89,92,93,0.04,0,39,66,"EII","EII",55,55
"6",-49745.61,-50001.1,56,135,0.42,0.24,22,34,"EII","EII",66,66
"7",-49412.98,-49716.51,116,97,0.34,0.12,34,77,"EII","EII",77,77
"8",-49147.53,-49467.53,142,168,0.19,0.15,17,24,"EII","EII",88,88
"9",-48932.87,-49255.5,64,32,0.45,0.13,48,16,"EII","EII",99,99
"10",-48751.2,-49082.55,64,180,0.79,0.34,52,31,"EII","EII",110,110
