"","best_ll_s1","best_ll_s2","iter_best_s1","iter_best_s2","d_s1","d_s2","iter4sec_s1","iter4sec_s2","model_s1","model_s2","df_1","df_2"
"1",-1e+07,-1e+07,NA,NA,0,0,NA,NA,NA,NA,NA,NA
"2",-52263.87,-52386.97,105,116,0.01,0,91,89,"EII","EII",22,22
"3",-51512.31,-51703.49,159,167,0.17,0.05,12,157,"EII","EII",33,33
"4",-50777,-50944.35,23,167,0.19,0.03,1,26,"EII","EII",44,44
"5",-50058.93,-50387.85,2,143,0.27,0.03,1,80,"EII","EII",55,55
"6",-49745.43,-50001.37,155,27,0.12,0.12,136,9,"EII","EII",66,66
"7",-49413.05,-49716.35,28,20,0.17,0.65,18,5,"EII","EII",77,77
"8",-49147.54,-49467.69,19,164,0.51,0.04,11,87,"EII","EII",88,88
"9",-48933.15,-49255.29,50,175,1.09,0.45,24,87,"EII","EII",99,99
"10",-48751.35,-49082.48,92,110,0.2,0.15,71,7,"EII","EII",110,110
