"","best_ll_s1","best_ll_s2","iter_best_s1","iter_best_s2","d_s1","d_s2","iter4sec_s1","iter4sec_s2","model_s1","model_s2","df_1","df_2"
"1",-1e+07,-1e+07,NA,NA,0,0,NA,NA,NA,NA,NA,NA
"2",-52263.89,-52386.96,107,199,0.16,0.03,89,40,"EII","EII",22,22
"3",-51512.61,-51703.49,31,96,0.24,0.02,8,28,"EII","EII",33,33
"4",-50777,-50944.35,66,167,0.09,0.01,1,115,"EII","EII",44,44
"5",-50059,-50387.88,86,96,0.03,0.05,66,62,"EII","EII",55,55
"6",-49745.36,-50001.22,154,101,0.13,0.03,1,61,"EII","EII",66,66
"7",-49413.35,-49716.49,135,104,0.12,0.23,58,74,"EII","EII",77,77
"8",-49147.62,-49467.44,67,192,0.32,0.17,37,11,"EII","EII",88,88
"9",-48932.69,-49255.43,164,147,0.34,0.33,43,78,"EII","EII",99,99
"10",-48750.6,-49082.99,149,129,0.3,0.33,119,29,"EII","EII",110,110
