"","best_ll_s1","best_ll_s2","iter_best_s1","iter_best_s2","d_s1","d_s2","iter4sec_s1","iter4sec_s2","model_s1","model_s2","df_1","df_2"
"1",-1e+07,-1e+07,NA,NA,0,0,NA,NA,NA,NA,NA,NA
"2",-52263.88,-52386.98,182,111,0.03,0,55,59,"EII","EII",22,22
"3",-51512.5,-51703.48,176,134,0.18,0.07,125,80,"EII","EII",33,33
"4",-50777.09,-50944.32,84,186,0.08,0.02,45,93,"EII","EII",44,44
"5",-50058.95,-50387.87,16,109,0.31,0.01,4,96,"EII","EII",55,55
"6",-49745.26,-50001.37,25,77,0.55,0.01,16,1,"EII","EII",66,66
"7",-49413.17,-49716.5,32,124,0.3,0.14,12,26,"EII","EII",77,77
"8",-49147.7,-49467.53,156,85,0.26,0.04,48,7,"EII","EII",88,88
"9",-48933.22,-49255.71,12,163,0.24,0.16,9,117,"EII","EII",99,99
"10",-48750.73,-49082.38,176,1,1.02,400041084.88,174,0,"EII","EII",110,110
