"","best_ll_s1","best_ll_s2","iter_best_s1","iter_best_s2","d_s1","d_s2","iter4sec_s1","iter4sec_s2","model_s1","model_s2","df_1","df_2"
"1",-1e+07,-1e+07,NA,NA,0,0,NA,NA,NA,NA,NA,NA
"2",-52263.87,-52386.97,135,144,0.01,0.01,45,9,"EII","EII",22,22
"3",-51512.53,-51703.56,73,176,0.14,0,27,162,"EII","EII",33,33
"4",-50777.03,-50944.31,38,163,0.13,0.03,27,150,"EII","EII",44,44
"5",-50059.09,-50387.86,27,47,0.05,0.08,26,29,"EII","EII",55,55
"6",-49745.33,-50001.29,197,85,0.07,0.22,60,24,"EII","EII",66,66
"7",-49413.17,-49716.45,114,18,0.11,0.49,33,14,"EII","EII",77,77
"8",-49147.87,-49467.57,187,58,0.05,0.02,51,15,"EII","EII",88,88
"9",-48932.92,-49255.65,134,137,0.11,0.04,44,78,"EII","EII",99,99
"10",-48751.42,-49082.39,38,123,0.75,0.5,29,17,"EII","EII",110,110
