"","best_ll_s1","best_ll_s2","iter_best_s1","iter_best_s2","d_s1","d_s2","iter4sec_s1","iter4sec_s2","model_s1","model_s2","df_1","df_2"
"1",-1e+07,-1e+07,NA,NA,0,0,NA,NA,NA,NA,NA,NA
"2",-52263.9,-52386.96,112,116,0,0.02,101,60,"EII","EII",22,22
"3",-51512.67,-51703.52,89,163,0.07,0.03,62,35,"EII","EII",33,33
"4",-50777.14,-50944.29,121,55,0.03,0.09,108,45,"EII","EII",44,44
"5",-50059,-50387.86,138,23,0.05,0.11,107,18,"EII","EII",55,55
"6",-49745.24,-50001.33,105,193,0.14,0.03,71,157,"EII","EII",66,66
"7",-49413.08,-49716.58,181,7,0.33,0.25,174,2,"EII","EII",77,77
"8",-49147.66,-49467.46,95,119,0.28,0.16,71,73,"EII","EII",88,88
"9",-48933.03,-49255.61,149,170,0.06,0.19,128,117,"EII","EII",99,99
"10",-48750.86,-49083.14,190,180,0.09,0.35,140,98,"EII","EII",110,110
