"","best_ll_s1","best_ll_s2","iter_best_s1","iter_best_s2","d_s1","d_s2","iter4sec_s1","iter4sec_s2","model_s1","model_s2","df_1","df_2"
"1",-1e+07,-1e+07,NA,NA,0,0,NA,NA,NA,NA,NA,NA
"2",-52263.88,-52386.96,38,30,0.09,0.04,33,11,"EII","EII",22,22
"3",-51512.56,-51703.52,168,195,0.08,0.01,41,152,"EII","EII",33,33
"4",-50777.09,-50944.27,121,24,0.02,0.11,100,17,"EII","EII",44,44
"5",-50058.96,-50387.91,52,49,0.11,0.07,21,25,"EII","EII",55,55
"6",-49745.57,-50001.1,190,52,0.08,0.39,124,14,"EII","EII",66,66
"7",-49413.13,-49716.52,196,142,0.06,0.02,191,4,"EII","EII",77,77
"8",-49147.58,-49467.61,153,28,0.05,0.05,137,2,"EII","EII",88,88
"9",-48933.16,-49255.58,173,68,0.04,0.02,117,61,"EII","EII",99,99
"10",-48750.69,-49082.82,184,58,0.47,0.71,130,9,"EII","EII",110,110
