"","best_ll_s1","best_ll_s2","iter_best_s1","iter_best_s2","d_s1","d_s2","iter4sec_s1","iter4sec_s2","model_s1","model_s2","df_1","df_2"
"1",-1e+07,-1e+07,NA,NA,0,0,NA,NA,NA,NA,NA,NA
"2",-52263.88,-52386.97,14,116,0.28,0.02,8,14,"EII","EII",22,22
"3",-51512.45,-51703.55,79,77,0.18,0.01,77,68,"EII","EII",33,33
"4",-50777,-50944.35,23,144,0.16,0,5,44,"EII","EII",44,44
"5",-50059.07,-50387.86,51,156,0.03,0.02,41,53,"EII","EII",55,55
"6",-49745.5,-50001.4,11,180,1.32,0.06,4,106,"EII","EII",66,66
"7",-49413.08,-49716.43,41,161,0.38,0.12,27,17,"EII","EII",77,77
"8",-49147.54,-49467.57,85,99,0.47,0.37,1,50,"EII","EII",88,88
"9",-48933.25,-49255.69,95,33,0.23,0.55,18,27,"EII","EII",99,99
"10",-48750.48,-49082.8,129,97,1.28,0.5,3,87,"EII","EII",110,110
