"","best_ll_s1","best_ll_s2","iter_best_s1","iter_best_s2","d_s1","d_s2","iter4sec_s1","iter4sec_s2","model_s1","model_s2","df_1","df_2"
"1",-1e+07,-1e+07,NA,NA,0,0,NA,NA,NA,NA,NA,NA
"2",-52263.88,-52386.96,161,37,0,0,184,52,"EII","EII",22,22
"3",-51512.35,-51703.47,116,83,0.2,0.06,8,58,"EII","EII",33,33
"4",-50776.96,-50944.3,21,1,0.05,0.01,120,123,"EII","EII",44,44
"5",-50058.99,-50387.88,14,7,0.02,0,154,51,"EII","EII",55,55
"6",-49745.42,-50001.38,31,11,0.54,0.06,8,26,"EII","EII",66,66
"7",-49412.74,-49716.49,190,33,0.32,0.2,152,29,"EII","EII",77,77
"8",-49147.4,-49467.45,153,48,0.08,0.14,158,131,"EII","EII",88,88
"9",-48932.81,-49255.61,198,176,0.4,0.07,99,16,"EII","EII",99,99
"10",-48750.94,-49082.73,176,180,0.29,0.51,25,30,"EII","EII",110,110
