"","best_ll_s1","best_ll_s2","iter_best_s1","iter_best_s2","d_s1","d_s2","iter4sec_s1","iter4sec_s2","model_s1","model_s2","df_1","df_2"
"1",-1e+07,-1e+07,NA,NA,0,0,NA,NA,NA,NA,NA,NA
"2",-52263.89,-52386.96,133,161,0.01,0.01,96,95,"EII","EII",22,22
"3",-51512.53,-51703.49,132,33,0.17,0.07,128,7,"EII","EII",33,33
"4",-50777.01,-50944.34,101,87,0.04,0.02,67,3,"EII","EII",44,44
"5",-50058.9,-50387.89,36,7,0.19,0.11,6,1,"EII","EII",55,55
"6",-49745.17,-50001.33,109,17,0.44,0.05,78,7,"EII","EII",66,66
"7",-49413.23,-49716.42,78,143,0.15,0.22,50,8,"EII","EII",77,77
"8",-49147.52,-49467.35,40,196,0.48,0.26,35,164,"EII","EII",88,88
"9",-48932.73,-49255.46,14,145,1.17,0.47,6,73,"EII","EII",99,99
"10",-48750.43,-49082.7,56,82,1.37,1.47,1,72,"EII","EII",110,110
