"","best_ll_s1","best_ll_s2","iter_best_s1","iter_best_s2","d_s1","d_s2","iter4sec_s1","iter4sec_s2","model_s1","model_s2","df_1","df_2"
"1",-1e+07,-1e+07,NA,NA,0,0,NA,NA,NA,NA,NA,NA
"2",-52263.89,-52386.99,45,35,0.05,0.1,1,17,"EII","EII",22,22
"3",-51512.43,-51703.5,145,167,0.28,0.01,72,21,"EII","EII",33,33
"4",-50777.08,-50944.27,193,156,0.03,0.01,22,82,"EII","EII",44,44
"5",-50059.01,-50387.89,115,191,0.05,0.03,1,104,"EII","EII",55,55
"6",-49745.69,-50001.33,193,175,0.15,0.05,101,142,"EII","EII",66,66
"7",-49412.98,-49716.64,16,188,0.77,0.15,7,50,"EII","EII",77,77
"8",-49147.92,-49467.43,29,6,0.38,52.64,16,1,"EII","EII",88,88
"9",-48933.07,-49255.5,200,23,0.18,1.03,127,11,"EII","EII",99,99
"10",-48750.73,-49082.34,13,12,1.25,0.91,12,8,"EII","EII",110,110
