"","best_ll_s1","best_ll_s2","iter_best_s1","iter_best_s2","d_s1","d_s2","iter4sec_s1","iter4sec_s2","model_s1","model_s2","df_1","df_2"
"1",-1e+07,-1e+07,NA,NA,0,0,NA,NA,NA,NA,NA,NA
"2",-52263.89,-52386.98,2,13,0.46,0.09,1,8,"EII","EII",22,22
"3",-51512.71,-51703.52,119,162,0.01,0.02,48,146,"EII","EII",33,33
"4",-50777.03,-50944.31,58,81,0.09,0.03,45,57,"EII","EII",44,44
"5",-50059.06,-50387.87,82,199,0.01,0.01,77,192,"EII","EII",55,55
"6",-49745.39,-50001.37,5,81,18.22,0.09,2,60,"EII","EII",66,66
"7",-49413,-49716.06,14,136,0.7,0.42,3,103,"EII","EII",77,77
"8",-49147.48,-49467.7,54,86,0.13,0.17,49,18,"EII","EII",88,88
"9",-48932.74,-49255.5,76,41,0.42,0.45,40,17,"EII","EII",99,99
"10",-48750.69,-49083.06,199,82,1.01,0.39,62,68,"EII","EII",110,110
