"","best_ll_s1","best_ll_s2","iter_best_s1","iter_best_s2","d_s1","d_s2","iter4sec_s1","iter4sec_s2","model_s1","model_s2","df_1","df_2"
"1",-1e+07,-1e+07,NA,NA,0,0,NA,NA,NA,NA,NA,NA
"2",-52263.88,-52386.95,99,21,0.02,0.07,7,12,"EII","EII",22,22
"3",-51512.56,-51703.54,6,180,0.47,0.01,2,175,"EII","EII",33,33
"4",-50777.04,-50944.34,9,77,0.11,0.04,4,3,"EII","EII",44,44
"5",-50059.06,-50387.89,103,94,0.01,0.05,1,77,"EII","EII",55,55
"6",-49745.17,-50001.19,184,124,0.35,0.2,41,58,"EII","EII",66,66
"7",-49413.13,-49716.48,185,32,0.09,0.56,67,19,"EII","EII",77,77
"8",-49147.52,-49467.34,67,135,0.52,0.36,12,84,"EII","EII",88,88
"9",-48932.75,-49255.5,97,20,0.34,0.13,4,2,"EII","EII",99,99
"10",-48751.64,-49082.65,44,13,0.55,0.21,36,2,"EII","EII",110,110
