"","best_ll_s1","best_ll_s2","iter_best_s1","iter_best_s2","d_s1","d_s2","iter4sec_s1","iter4sec_s2","model_s1","model_s2","df_1","df_2"
"1",-1e+07,-1e+07,NA,NA,0,0,NA,NA,NA,NA,NA,NA
"2",-52263.88,-52386.99,139,139,0.01,0.01,74,102,"EII","EII",22,22
"3",-51512.66,-51703.45,74,145,0.06,0.05,24,21,"EII","EII",33,33
"4",-50777.09,-50944.25,83,102,0.04,0.09,15,87,"EII","EII",44,44
"5",-50058.93,-50387.86,119,136,0.09,0.03,5,9,"EII","EII",55,55
"6",-49745.24,-50001.19,149,80,0.44,0.07,50,49,"EII","EII",66,66
"7",-49413.21,-49716.74,171,100,0.09,0.08,91,50,"EII","EII",77,77
"8",-49147.6,-49467.33,85,38,0,1.12,68,3,"EII","EII",88,88
"9",-48933,-49255.35,98,80,0.19,0.42,18,62,"EII","EII",99,99
"10",-48751.05,-49082.67,17,120,2.05,0.7,8,42,"EII","EII",110,110
