"","best_ll_s1","best_ll_s2","iter_best_s1","iter_best_s2","d_s1","d_s2","iter4sec_s1","iter4sec_s2","model_s1","model_s2","df_1","df_2"
"1",-1e+07,-1e+07,NA,NA,0,0,NA,NA,NA,NA,NA,NA
"2",-52263.87,-52386.96,33,130,0.07,0.03,9,50,"EII","EII",22,22
"3",-51512.51,-51703.5,45,139,0.2,0.07,44,100,"EII","EII",33,33
"4",-50777.14,-50944.22,70,167,0,0.08,23,33,"EII","EII",44,44
"5",-50059.07,-50387.89,19,169,0.02,0.01,5,60,"EII","EII",55,55
"6",-49745.38,-50001.31,151,168,0.06,0.04,146,85,"EII","EII",66,66
"7",-49413.13,-49716.47,126,50,0.22,0.04,101,22,"EII","EII",77,77
"8",-49147.44,-49467.68,102,180,0.35,0.12,78,78,"EII","EII",88,88
"9",-48932.87,-49255.93,33,101,0.71,0.01,22,32,"EII","EII",99,99
"10",-48750.42,-49082.92,33,80,0.67,0.36,26,15,"EII","EII",110,110
