"","best_ll_s1","best_ll_s2","iter_best_s1","iter_best_s2","d_s1","d_s2","iter4sec_s1","iter4sec_s2","model_s1","model_s2","df_1","df_2"
"1",-1e+07,-1e+07,NA,NA,0,0,NA,NA,NA,NA,NA,NA
"2",-52263.88,-52386.97,33,157,0.27,0.03,5,109,"EII","EII",22,22
"3",-51512.61,-51703.5,121,82,0.01,0.06,33,52,"EII","EII",33,33
"4",-50777.03,-50944.26,141,37,0.08,0.09,69,32,"EII","EII",44,44
"5",-50059.06,-50387.9,34,61,0.04,0,28,8,"EII","EII",55,55
"6",-49745.39,-50001.35,45,45,0.32,0.22,13,26,"EII","EII",66,66
"7",-49413.05,-49716.45,148,133,0.26,0.24,127,76,"EII","EII",77,77
"8",-49147.7,-49467.52,167,22,0.16,0.45,133,11,"EII","EII",88,88
"9",-48933.08,-49255.92,89,5,0.03,59.06,31,4,"EII","EII",99,99
"10",-48750.2,-49082.93,135,32,0.44,0.53,130,28,"EII","EII",110,110
