"","best_ll_s1","best_ll_s2","iter_best_s1","iter_best_s2","d_s1","d_s2","iter4sec_s1","iter4sec_s2","model_s1","model_s2","df_1","df_2"
"1",-1e+07,-1e+07,NA,NA,0,0,NA,NA,NA,NA,NA,NA
"2",-52263.87,-52386.97,3,103,0.14,0.03,1,62,"EII","EII",22,22
"3",-51512.58,-51703.42,136,59,0.07,0.13,46,53,"EII","EII",33,33
"4",-50777.01,-50944.34,152,22,0.08,0.17,22,7,"EII","EII",44,44
"5",-50058.99,-50387.87,72,33,0.17,0.02,38,26,"EII","EII",55,55
"6",-49745.35,-50001.18,134,67,0.1,0.32,73,60,"EII","EII",66,66
"7",-49413.27,-49716.61,45,2,0.13,0.25,39,1,"EII","EII",77,77
"8",-49147.46,-49467.51,181,87,0.03,0.12,69,36,"EII","EII",88,88
"9",-48932.78,-49255.71,140,68,0.19,0.25,62,51,"EII","EII",99,99
"10",-48750.93,-49082.75,27,144,0.77,1.01,25,8,"EII","EII",110,110
