"","best_ll_s1","best_ll_s2","iter_best_s1","iter_best_s2","d_s1","d_s2","iter4sec_s1","iter4sec_s2","model_s1","model_s2","df_1","df_2"
"1",-1e+07,-1e+07,NA,NA,0,0,NA,NA,NA,NA,NA,NA
"2",-52263.87,-52386.99,32,103,0.29,0.05,16,35,"EII","EII",22,22
"3",-51512.39,-51703.49,196,119,0.24,0.05,171,71,"EII","EII",33,33
"4",-50776.99,-50944.35,89,166,0.12,0.01,50,104,"EII","EII",44,44
"5",-50058.98,-50387.87,190,99,0.08,0.01,170,31,"EII","EII",55,55
"6",-49745.38,-50001.38,70,75,0.21,0.06,25,10,"EII","EII",66,66
"7",-49413.13,-49716.44,25,80,0.73,0.38,13,79,"EII","EII",77,77
"8",-49147.44,-49467.62,179,137,0.48,0.14,41,136,"EII","EII",88,88
"9",-48932.97,-49255.59,181,6,0.19,1.14,164,5,"EII","EII",99,99
"10",-48750.99,-49082.58,48,55,0.7,0.88,28,32,"EII","EII",110,110
