"","best_ll_s1","best_ll_s2","iter_best_s1","iter_best_s2","d_s1","d_s2","iter4sec_s1","iter4sec_s2","model_s1","model_s2","df_1","df_2"
"1",-1e+07,-1e+07,NA,NA,0,0,NA,NA,NA,NA,NA,NA
"2",-52263.89,-52386.97,83,5,0.14,0.32,78,1,"EII","EII",22,22
"3",-51512.51,-51703.55,71,1,0.12,50949000.09,8,0,"EII","EII",33,33
"4",-50777.08,-50944.32,16,100,0.02,0.02,13,23,"EII","EII",44,44
"5",-50058.9,-50387.88,43,42,0.13,0.18,33,3,"EII","EII",55,55
"6",-49745.3,-50001.27,93,146,0.02,0.08,66,138,"EII","EII",66,66
"7",-49413.36,-49716.51,156,59,0.05,0.16,9,50,"EII","EII",77,77
"8",-49147.57,-49467.51,76,1,0.42,489951001.2,12,0,"EII","EII",88,88
"9",-48932.97,-49255.81,29,77,0.59,0.06,11,8,"EII","EII",99,99
"10",-48750.53,-49083.19,118,192,0.17,0.02,39,78,"EII","EII",110,110
