"","best_ll_s1","best_ll_s2","iter_best_s1","iter_best_s2","d_s1","d_s2","iter4sec_s1","iter4sec_s2","model_s1","model_s2","df_1","df_2"
"1",-1e+07,-1e+07,NA,NA,0,0,NA,NA,NA,NA,NA,NA
"2",-52263.89,-52386.95,187,29,0,0.02,125,7,"EII","EII",22,22
"3",-51512.51,-51703.48,161,174,0.02,0.02,101,114,"EII","EII",33,33
"4",-50776.96,-50944.27,35,190,0.14,0.06,13,199,"EII","EII",44,44
"5",-50059.05,-50387.85,10,167,0.04,0.05,8,150,"EII","EII",55,55
"6",-49745.37,-50001.38,140,93,0.06,0.05,199,87,"EII","EII",66,66
"7",-49412.94,-49716.39,33,13,0.38,0.42,78,10,"EII","EII",77,77
"8",-49147.56,-49467.39,94,141,0.05,0.21,30,89,"EII","EII",88,88
"9",-48932.79,-49255.62,126,15,0.29,0.13,89,187,"EII","EII",99,99
"10",-48750.52,-49082.57,17,95,0.9,0.76,6,31,"EII","EII",110,110
