"","best_ll_s1","best_ll_s2","iter_best_s1","iter_best_s2","d_s1","d_s2","iter4sec_s1","iter4sec_s2","model_s1","model_s2","df_1","df_2"
"1",-1e+07,-1e+07,NA,NA,0,0,NA,NA,NA,NA,NA,NA
"2",-52263.88,-52386.98,51,18,0.05,0.19,44,10,"EII","EII",22,22
"3",-51512.64,-51703.46,62,171,0.04,0.05,3,18,"EII","EII",33,33
"4",-50777.01,-50944.33,6,75,0.46,0.04,1,73,"EII","EII",44,44
"5",-50059.06,-50387.82,169,75,0.01,0.05,55,20,"EII","EII",55,55
"6",-49745.49,-50001.37,178,58,0.02,0.1,105,44,"EII","EII",66,66
"7",-49413.16,-49716.53,122,113,0.03,0.13,93,94,"EII","EII",77,77
"8",-49147.77,-49467.55,108,117,0.07,0.08,11,6,"EII","EII",88,88
"9",-48932.73,-49255.92,19,36,2.1,0.12,16,24,"EII","EII",99,99
"10",-48750.61,-49082.39,9,25,28.78,2.09,2,12,"EII","EII",110,110
