"","best_ll_s1","best_ll_s2","iter_best_s1","iter_best_s2","d_s1","d_s2","iter4sec_s1","iter4sec_s2","model_s1","model_s2","df_1","df_2"
"1",-1e+07,-1e+07,NA,NA,0,0,NA,NA,NA,NA,NA,NA
"2",-52263.89,-52386.97,186,71,0.01,0.05,58,56,"EII","EII",22,22
"3",-51512.71,-51703.49,36,118,0.16,0,12,118,"EII","EII",33,33
"4",-50777.04,-50944.33,180,78,0,0.01,180,3,"EII","EII",44,44
"5",-50059.03,-50387.91,78,23,0.05,0.08,75,22,"EII","EII",55,55
"6",-49745.37,-50001.39,19,134,0.95,0,17,134,"EII","EII",66,66
"7",-49413.29,-49716.55,122,85,0.12,0,20,85,"EII","EII",77,77
"8",-49147.81,-49467.56,106,8,0.08,2.93,96,7,"EII","EII",88,88
"9",-48932.91,-49255.53,188,82,0.31,0.22,50,79,"EII","EII",99,99
"10",-48750.67,-49082.88,73,38,0.77,21,29,1,"EII","EII",110,110
