"","best_ll_s1","best_ll_s2","iter_best_s1","iter_best_s2","d_s1","d_s2","iter4sec_s1","iter4sec_s2","model_s1","model_s2","df_1","df_2"
"1",-1e+07,-1e+07,NA,NA,0,0,NA,NA,NA,NA,NA,NA
"2",-52263.87,-52386.97,97,176,0.02,0.02,85,54,"EII","EII",22,22
"3",-51512.44,-51703.49,99,194,0.23,0.03,47,134,"EII","EII",33,33
"4",-50777,-50944.34,49,115,0.03,0.01,40,25,"EII","EII",44,44
"5",-50058.96,-50387.87,149,80,0.02,0.03,22,68,"EII","EII",55,55
"6",-49745.32,-50001.31,1,161,48958278.5,0.22,0,133,"EII","EII",66,66
"7",-49413,-49716.66,28,86,0.44,0.05,7,34,"EII","EII",77,77
"8",-49148.06,-49467.4,93,114,0.25,0.23,73,54,"EII","EII",88,88
"9",-48932.81,-49255.33,40,140,0.62,0.69,25,114,"EII","EII",99,99
"10",-48750.07,-49083.01,55,143,1.55,0.16,27,125,"EII","EII",110,110
