"","best_ll_s1","best_ll_s2","iter_best_s1","iter_best_s2","d_s1","d_s2","iter4sec_s1","iter4sec_s2","model_s1","model_s2","df_1","df_2"
"1",-1e+07,-1e+07,NA,NA,0,0,NA,NA,NA,NA,NA,NA
"2",-52263.87,-52387.01,25,125,0.28,0.01,11,11,"EII","EII",22,22
"3",-51512.47,-51703.5,173,96,0.14,0.01,78,61,"EII","EII",33,33
"4",-50777.07,-50944.29,178,188,0.01,0.04,167,153,"EII","EII",44,44
"5",-50059.06,-50387.79,70,197,0.01,0.02,25,50,"EII","EII",55,55
"6",-49745.53,-50001.34,191,196,0.03,0.02,91,75,"EII","EII",66,66
"7",-49413.5,-49716.61,68,166,0.18,0.01,5,111,"EII","EII",77,77
"8",-49147.51,-49467.24,191,157,0.44,0.34,18,125,"EII","EII",88,88
"9",-48932.98,-49255.67,199,144,0.04,0.15,173,2,"EII","EII",99,99
"10",-48750.32,-49083.13,131,10,1.35,0.35,108,1,"EII","EII",110,110
