"","best_ll_s1","best_ll_s2","iter_best_s1","iter_best_s2","d_s1","d_s2","iter4sec_s1","iter4sec_s2","model_s1","model_s2","df_1","df_2"
"1",-1e+07,-1e+07,NA,NA,0,0,NA,NA,NA,NA,NA,NA
"2",-52263.88,-52386.97,90,153,0.01,0,82,2,"EII","EII",22,22
"3",-51512.43,-51703.42,110,199,0.05,0.04,42,13,"EII","EII",33,33
"4",-50777.06,-50944.34,79,189,0.08,0,37,132,"EII","EII",44,44
"5",-50059.02,-50387.89,43,71,0.01,0.07,35,14,"EII","EII",55,55
"6",-49745.54,-50001.4,8,14,1,0.1,2,13,"EII","EII",66,66
"7",-49412.95,-49716.42,194,173,0.19,0.17,76,171,"EII","EII",77,77
"8",-49147.96,-49467.69,44,77,0.23,0.05,13,13,"EII","EII",88,88
"9",-48932.82,-49255.18,8,24,2.47,0.67,7,13,"EII","EII",99,99
"10",-48751.18,-49082.95,16,109,0.09,0.34,1,55,"EII","EII",110,110
