"","best_ll_s1","best_ll_s2","iter_best_s1","iter_best_s2","d_s1","d_s2","iter4sec_s1","iter4sec_s2","model_s1","model_s2","df_1","df_2"
"1",-1e+07,-1e+07,NA,NA,0,0,NA,NA,NA,NA,NA,NA
"2",-52263.89,-52386.97,172,26,0,0,6,2,"EII","EII",22,22
"3",-51512.49,-51703.52,35,29,0.15,0.06,27,3,"EII","EII",33,33
"4",-50777.06,-50944.34,177,81,0.03,0.02,15,3,"EII","EII",44,44
"5",-50059.05,-50387.87,161,132,0.01,0.03,90,72,"EII","EII",55,55
"6",-49745.41,-50001.38,181,29,0.07,0.07,78,16,"EII","EII",66,66
"7",-49413.32,-49716.31,140,171,0.21,0.15,57,93,"EII","EII",77,77
"8",-49147.52,-49467.42,153,108,0.04,0.07,1,46,"EII","EII",88,88
"9",-48932.85,-49255.69,31,84,0.94,0.05,3,65,"EII","EII",99,99
"10",-48750.05,-49083.31,97,132,1.1,0.25,50,41,"EII","EII",110,110
