"","best_ll_s1","best_ll_s2","iter_best_s1","iter_best_s2","d_s1","d_s2","iter4sec_s1","iter4sec_s2","model_s1","model_s2","df_1","df_2"
"1",-1e+07,-1e+07,NA,NA,0,0,NA,NA,NA,NA,NA,NA
"2",-52263.88,-52386.96,180,98,0.02,0.01,9,86,"EII","EII",22,22
"3",-51512.58,-51703.38,179,22,0.07,0.27,140,12,"EII","EII",33,33
"4",-50777.07,-50944.32,54,88,0.08,0.03,39,86,"EII","EII",44,44
"5",-50058.97,-50387.85,178,88,0.09,0.06,166,84,"EII","EII",55,55
"6",-49745.3,-50001.17,86,58,0.12,0.23,74,43,"EII","EII",66,66
"7",-49413.34,-49716.44,114,184,0.08,0.05,2,94,"EII","EII",77,77
"8",-49147.84,-49467.57,79,94,0.09,0.11,42,79,"EII","EII",88,88
"9",-48932.85,-49255.35,75,3,0.36,117.92,7,1,"EII","EII",99,99
"10",-48750.96,-49082.4,138,168,0.22,1.41,112,118,"EII","EII",110,110
