"","best_ll_s1","best_ll_s2","iter_best_s1","iter_best_s2","d_s1","d_s2","iter4sec_s1","iter4sec_s2","model_s1","model_s2","df_1","df_2"
"1",-1e+07,-1e+07,NA,NA,0,0,NA,NA,NA,NA,NA,NA
"2",-52263.88,-52386.95,78,136,0.03,0.03,60,98,"EII","EII",22,22
"3",-51512.38,-51703.51,125,121,0.04,0.03,25,102,"EII","EII",33,33
"4",-50777.04,-50944.28,169,96,0.04,0.04,34,75,"EII","EII",44,44
"5",-50059.04,-50387.9,45,155,0,0,28,1,"EII","EII",55,55
"6",-49745.52,-50001.26,31,80,0.04,0.18,20,23,"EII","EII",66,66
"7",-49413.18,-49716.54,141,4,0,0.82,5,1,"EII","EII",77,77
"8",-49147.54,-49467.63,109,193,0.62,0.05,35,110,"EII","EII",88,88
"9",-48932.51,-49255.36,22,164,0.95,0.56,12,145,"EII","EII",99,99
"10",-48751.66,-49082.65,171,19,0.05,0.21,26,8,"EII","EII",110,110
