"","best_ll_s1","best_ll_s2","iter_best_s1","iter_best_s2","d_s1","d_s2","iter4sec_s1","iter4sec_s2","model_s1","model_s2","df_1","df_2"
"1",-1e+07,-1e+07,NA,NA,0,0,NA,NA,NA,NA,NA,NA
"2",-52263.87,-52386.99,4,98,0.31,0.01,1,69,"EII","EII",22,22
"3",-51512.4,-51703.48,81,83,0.25,0.01,80,23,"EII","EII",33,33
"4",-50777.07,-50944.28,11,85,0.05,0.11,5,41,"EII","EII",44,44
"5",-50059.01,-50387.84,11,159,0.17,0.06,10,99,"EII","EII",55,55
"6",-49745.47,-50001.31,153,154,0.1,0.02,100,15,"EII","EII",66,66
"7",-49413.16,-49716.55,8,170,7.28,0.06,2,33,"EII","EII",77,77
"8",-49147.63,-49467.42,98,36,0.25,0.17,33,16,"EII","EII",88,88
"9",-48933.11,-49256.02,174,123,0.06,0.09,62,72,"EII","EII",99,99
"10",-48750.4,-49082.48,126,68,0.25,0.08,116,49,"EII","EII",110,110
