"","best_ll_s1","best_ll_s2","iter_best_s1","iter_best_s2","d_s1","d_s2","iter4sec_s1","iter4sec_s2","model_s1","model_s2","df_1","df_2"
"1",-1e+07,-1e+07,NA,NA,0,0,NA,NA,NA,NA,NA,NA
"2",-52263.87,-52386.98,185,103,0.02,0.05,122,10,"EII","EII",22,22
"3",-51512.38,-51703.49,158,117,0.11,0.01,21,67,"EII","EII",33,33
"4",-50777.06,-50944.31,138,23,0.01,0.03,79,21,"EII","EII",44,44
"5",-50058.97,-50387.87,144,19,0.06,0.11,140,11,"EII","EII",55,55
"6",-49745.27,-50001.39,37,20,0.53,0.03,14,14,"EII","EII",66,66
"7",-49413.03,-49716.61,33,152,0.28,0.06,26,114,"EII","EII",77,77
"8",-49147.35,-49467.53,104,13,0.13,0.81,3,6,"EII","EII",88,88
"9",-48932.96,-49256.15,45,129,0.54,0.13,35,25,"EII","EII",99,99
"10",-48750.48,-49082.53,163,130,0.37,0.82,28,84,"EII","EII",110,110
