"","best_ll_s1","best_ll_s2","iter_best_s1","iter_best_s2","d_s1","d_s2","iter4sec_s1","iter4sec_s2","model_s1","model_s2","df_1","df_2"
"1",-1e+07,-1e+07,NA,NA,0,0,NA,NA,NA,NA,NA,NA
"2",-52263.87,-52386.94,92,93,0,0.04,104,45,"EII","EII",22,22
"3",-51512.31,-51703.51,198,4,0.05,0.32,107,1,"EII","EII",33,33
"4",-50777.07,-50944.34,178,185,0.02,0.01,47,134,"EII","EII",44,44
"5",-50058.99,-50387.82,146,42,0,0.07,146,194,"EII","EII",55,55
"6",-49745.33,-50001.37,160,197,0.1,0.02,145,120,"EII","EII",66,66
"7",-49412.9,-49716.41,192,7,0.15,0.11,47,39,"EII","EII",77,77
"8",-49147.5,-49467.4,89,43,0,0.3,153,29,"EII","EII",88,88
"9",-48932.84,-49255.69,38,165,0.31,0.2,6,158,"EII","EII",99,99
"10",-48749.94,-49082.98,127,80,0.62,0.11,81,43,"EII","EII",110,110
