"","best_ll_s1","best_ll_s2","iter_best_s1","iter_best_s2","d_s1","d_s2","iter4sec_s1","iter4sec_s2","model_s1","model_s2","df_1","df_2"
"1",-1e+07,-1e+07,NA,NA,0,0,NA,NA,NA,NA,NA,NA
"2",-52263.88,-52386.97,48,153,0.03,0,46,2,"EII","EII",22,22
"3",-51512.34,-51703.49,25,190,0.75,0.01,21,37,"EII","EII",33,33
"4",-50777.07,-50944.32,35,174,0.18,0.03,29,93,"EII","EII",44,44
"5",-50059.02,-50387.9,181,123,0.06,0.07,33,68,"EII","EII",55,55
"6",-49745.59,-50001.34,100,72,0.14,0.07,5,4,"EII","EII",66,66
"7",-49413.5,-49716.41,182,127,0.04,0.12,137,59,"EII","EII",77,77
"8",-49147.59,-49467.22,5,49,12.32,0.51,4,22,"EII","EII",88,88
"9",-48933,-49255.53,109,10,0.01,1.26,62,3,"EII","EII",99,99
"10",-48750.48,-49082.69,53,164,0.8,0.56,11,20,"EII","EII",110,110
