"","best_ll_s1","best_ll_s2","iter_best_s1","iter_best_s2","d_s1","d_s2","iter4sec_s1","iter4sec_s2","model_s1","model_s2","df_1","df_2"
"1",-1e+07,-1e+07,NA,NA,0,0,NA,NA,NA,NA,NA,NA
"2",-52263.89,-52386.95,134,14,0.01,0.04,114,5,"EII","EII",22,22
"3",-51512.44,-51703.47,61,29,0.14,0.14,17,28,"EII","EII",33,33
"4",-50777.05,-50944.27,75,44,0.05,0.03,43,1,"EII","EII",44,44
"5",-50058.95,-50387.91,99,136,0.04,0,95,117,"EII","EII",55,55
"6",-49745.4,-50001.2,94,63,0.07,0.2,76,16,"EII","EII",66,66
"7",-49412.99,-49716.46,5,156,0.71,0.09,3,134,"EII","EII",77,77
"8",-49147.7,-49467.51,122,66,0.05,0.28,116,30,"EII","EII",88,88
"9",-48933.1,-49255.58,70,177,0.07,0.07,27,172,"EII","EII",99,99
"10",-48750.7,-49082.28,188,118,0.58,0.68,70,57,"EII","EII",110,110
