"","best_ll_s1","best_ll_s2","iter_best_s1","iter_best_s2","d_s1","d_s2","iter4sec_s1","iter4sec_s2","model_s1","model_s2","df_1","df_2"
"1",-1e+07,-1e+07,NA,NA,0,0,NA,NA,NA,NA,NA,NA
"2",-52263.88,-52386.97,158,123,0.01,0.04,155,45,"EII","EII",22,22
"3",-51512.61,-51703.49,71,166,0.05,0.04,14,54,"EII","EII",33,33
"4",-50777.08,-50944.35,118,175,0.05,0,92,2,"EII","EII",44,44
"5",-50059.01,-50387.85,59,194,0.09,0,5,152,"EII","EII",55,55
"6",-49745.35,-50001.05,21,156,0.31,0.36,5,48,"EII","EII",66,66
"7",-49413.04,-49716.68,139,188,0.1,0.02,138,8,"EII","EII",77,77
"8",-49147.53,-49467.55,133,48,0.1,0.11,80,7,"EII","EII",88,88
"9",-48932.74,-49255.52,97,15,0.11,0.05,62,3,"EII","EII",99,99
"10",-48751.23,-49082.68,199,183,0.07,0.58,16,20,"EII","EII",110,110
