"","best_ll_s1","best_ll_s2","iter_best_s1","iter_best_s2","d_s1","d_s2","iter4sec_s1","iter4sec_s2","model_s1","model_s2","df_1","df_2"
"1",-1e+07,-1e+07,NA,NA,0,0,NA,NA,NA,NA,NA,NA
"2",-52263.87,-52386.95,126,57,0,0.1,87,25,"EII","EII",22,22
"3",-51512.35,-51703.4,189,174,0.23,0.13,155,7,"EII","EII",33,33
"4",-50776.99,-50944.36,113,159,0.14,0.01,65,23,"EII","EII",44,44
"5",-50059.01,-50387.84,40,1,0.1,500249700.05,23,0,"EII","EII",55,55
"6",-49745.47,-50001.34,130,177,0.06,0.04,25,162,"EII","EII",66,66
"7",-49413.14,-49716.63,24,159,0.45,0.16,13,149,"EII","EII",77,77
"8",-49147.41,-49467.58,22,196,0.83,0.06,3,53,"EII","EII",88,88
"9",-48932.69,-49255.74,179,53,0.64,0.18,60,51,"EII","EII",99,99
"10",-48751.25,-49083.05,148,122,0.2,0.16,75,71,"EII","EII",110,110
