"","best_ll_s1","best_ll_s2","iter_best_s1","iter_best_s2","d_s1","d_s2","iter4sec_s1","iter4sec_s2","model_s1","model_s2","df_1","df_2"
"1",-1e+07,-1e+07,NA,NA,0,0,NA,NA,NA,NA,NA,NA
"2",-52263.88,-52386.97,1,137,519948000.32,0.01,0,82,"EII","EII",22,22
"3",-51512.34,-51703.51,55,196,0.19,0.01,17,149,"EII","EII",33,33
"4",-50777.02,-50944.34,158,29,0.06,0.03,130,16,"EII","EII",44,44
"5",-50058.95,-50387.85,61,191,0.08,0.03,60,176,"EII","EII",55,55
"6",-49745.49,-50001.36,26,101,0.52,0,25,13,"EII","EII",66,66
"7",-49413.24,-49716.65,78,165,0.21,0,69,101,"EII","EII",77,77
"8",-49147.63,-49467.42,123,156,0.49,0.15,36,138,"EII","EII",88,88
"9",-48932.98,-49255.37,58,17,0.73,0.4,36,15,"EII","EII",99,99
"10",-48750.88,-49083.26,57,142,0.22,0.18,28,30,"EII","EII",110,110
