"","best_ll_s1","best_ll_s2","iter_best_s1","iter_best_s2","d_s1","d_s2","iter4sec_s1","iter4sec_s2","model_s1","model_s2","df_1","df_2"
"1",-1e+07,-1e+07,NA,NA,0,0,NA,NA,NA,NA,NA,NA
"2",-52263.88,-52386.95,34,34,0.16,0.06,25,9,"EII","EII",22,22
"3",-51512.29,-51703.54,44,180,0.76,0.01,32,1,"EII","EII",33,33
"4",-50777.01,-50944.25,200,51,0.03,0.11,77,48,"EII","EII",44,44
"5",-50059.02,-50387.91,74,114,0.08,0.04,23,61,"EII","EII",55,55
"6",-49745.43,-50001.34,73,103,0.28,0.12,22,81,"EII","EII",66,66
"7",-49413.13,-49716.27,78,63,0.16,0.48,47,19,"EII","EII",77,77
"8",-49147.54,-49467.27,105,179,0.48,0.26,42,49,"EII","EII",88,88
"9",-48932.53,-49255.61,95,179,0.26,0.29,21,14,"EII","EII",99,99
"10",-48750.04,-49083.23,146,153,0.72,0.28,59,78,"EII","EII",110,110
