"","best_ll_s1","best_ll_s2","iter_best_s1","iter_best_s2","d_s1","d_s2","iter4sec_s1","iter4sec_s2","model_s1","model_s2","df_1","df_2"
"1",-1e+07,-1e+07,NA,NA,0,0,NA,NA,NA,NA,NA,NA
"2",-52263.9,-52386.97,158,164,0.01,0,26,55,"EII","EII",22,22
"3",-51512.62,-51703.52,83,174,0.08,0.04,64,167,"EII","EII",33,33
"4",-50777.04,-50944.22,21,130,0.22,0.07,19,43,"EII","EII",44,44
"5",-50059.09,-50387.86,135,198,0,0.01,13,132,"EII","EII",55,55
"6",-49745.4,-50001.46,15,126,0.01,0.1,3,87,"EII","EII",66,66
"7",-49413.2,-49716.54,155,193,0.17,0.04,112,86,"EII","EII",77,77
"8",-49147.56,-49467.29,107,29,0.07,0.58,1,19,"EII","EII",88,88
"9",-48932.72,-49255.59,97,58,0.56,0.22,43,23,"EII","EII",99,99
"10",-48750.54,-49082.49,43,82,1.86,0.75,42,11,"EII","EII",110,110
