"","best_ll_s1","best_ll_s2","iter_best_s1","iter_best_s2","d_s1","d_s2","iter4sec_s1","iter4sec_s2","model_s1","model_s2","df_1","df_2"
"1",-1e+07,-1e+07,NA,NA,0,0,NA,NA,NA,NA,NA,NA
"2",-52263.87,-52386.97,25,11,0.02,0.16,18,5,"EII","EII",22,22
"3",-51512.76,-51703.5,193,119,0,0.01,60,109,"EII","EII",33,33
"4",-50777.1,-50944.28,5,98,0.7,0.05,3,17,"EII","EII",44,44
"5",-50059.07,-50387.91,151,63,0.01,0.01,113,53,"EII","EII",55,55
"6",-49745.27,-50001.17,153,181,0.25,0.12,70,164,"EII","EII",66,66
"7",-49413.29,-49716.46,185,181,0.1,0.07,180,122,"EII","EII",77,77
"8",-49147.54,-49467.51,119,34,0.21,0.46,49,33,"EII","EII",88,88
"9",-48932.83,-49255.45,21,46,0.81,0.23,19,32,"EII","EII",99,99
"10",-48750.72,-49083.34,139,200,0.43,0.14,72,73,"EII","EII",110,110
