"","best_ll_s1","best_ll_s2","iter_best_s1","iter_best_s2","d_s1","d_s2","iter4sec_s1","iter4sec_s2","model_s1","model_s2","df_1","df_2"
"1",-1e+07,-1e+07,NA,NA,0,0,NA,NA,NA,NA,NA,NA
"2",-52263.87,-52386.97,54,134,0.01,0.04,2,127,"EII","EII",22,22
"3",-51512.48,-51703.51,165,118,0.16,0.06,2,108,"EII","EII",33,33
"4",-50777.11,-50944.3,85,59,0.01,0.05,54,22,"EII","EII",44,44
"5",-50058.96,-50387.84,91,44,0.14,0.13,66,43,"EII","EII",55,55
"6",-49745.43,-50001.21,16,137,0.11,0.18,3,112,"EII","EII",66,66
"7",-49413.47,-49716.44,78,200,0.16,0.21,13,175,"EII","EII",77,77
"8",-49147.48,-49467.4,178,109,0.55,0.26,175,88,"EII","EII",88,88
"9",-48932.49,-49255.86,191,6,0.47,0.48,133,4,"EII","EII",99,99
"10",-48750.73,-49082.8,151,8,0.12,23.85,112,2,"EII","EII",110,110
