"","best_ll_s1","best_ll_s2","iter_best_s1","iter_best_s2","d_s1","d_s2","iter4sec_s1","iter4sec_s2","model_s1","model_s2","df_1","df_2"
"1",-1e+07,-1e+07,NA,NA,0,0,NA,NA,NA,NA,NA,NA
"2",-52263.88,-52386.96,171,188,0.05,0.01,119,122,"EII","EII",22,22
"3",-51512.63,-51703.52,9,192,0.37,0.01,6,28,"EII","EII",33,33
"4",-50776.99,-50944.3,189,62,0.13,0.1,80,8,"EII","EII",44,44
"5",-50059.05,-50387.88,22,160,0.11,0.02,5,40,"EII","EII",55,55
"6",-49745.35,-50001.36,138,180,0.22,0.02,108,43,"EII","EII",66,66
"7",-49413.05,-49716.35,124,158,0.43,0.18,89,68,"EII","EII",77,77
"8",-49147.71,-49467.27,82,69,0.15,0.56,26,38,"EII","EII",88,88
"9",-48932.55,-49255.63,15,47,2.01,0.51,10,31,"EII","EII",99,99
"10",-48751.18,-49082.31,51,59,0.67,0.78,38,9,"EII","EII",110,110
