"","best_ll_s1","best_ll_s2","iter_best_s1","iter_best_s2","d_s1","d_s2","iter4sec_s1","iter4sec_s2","model_s1","model_s2","df_1","df_2"
"1",-1e+07,-1e+07,NA,NA,0,0,NA,NA,NA,NA,NA,NA
"2",-52263.87,-52386.98,1,16,519948000.33,0,0,29,"EII","EII",22,22
"3",-51512.47,-51703.52,118,196,0.03,0.01,191,166,"EII","EII",33,33
"4",-50777.1,-50944.26,78,163,0,0.06,92,75,"EII","EII",44,44
"5",-50058.94,-50387.84,57,48,0.14,0.03,137,171,"EII","EII",55,55
"6",-49745.42,-50001.27,75,148,0.07,0.11,28,71,"EII","EII",66,66
"7",-49412.91,-49716.47,27,135,0.39,0.03,25,85,"EII","EII",77,77
"8",-49147.41,-49467.6,44,109,0.8,0.02,12,27,"EII","EII",88,88
"9",-48932.5,-49255.78,157,104,0.47,0.15,62,76,"EII","EII",99,99
"10",-48750.63,-49083.18,39,174,1.68,0.06,21,23,"EII","EII",110,110
