"","best_ll_s1","best_ll_s2","iter_best_s1","iter_best_s2","d_s1","d_s2","iter4sec_s1","iter4sec_s2","model_s1","model_s2","df_1","df_2"
"1",-1e+07,-1e+07,NA,NA,0,0,NA,NA,NA,NA,NA,NA
"2",-52263.88,-52386.95,44,78,0.11,0.01,31,25,"EII","EII",22,22
"3",-51512.31,-51703.55,35,156,0.52,0.01,10,115,"EII","EII",33,33
"4",-50776.96,-50944.35,24,184,0.2,0,15,56,"EII","EII",44,44
"5",-50059.09,-50387.87,1,27,49950000.09,0.05,0,20,"EII","EII",55,55
"6",-49745.45,-50001.35,9,141,0.05,0.07,7,67,"EII","EII",66,66
"7",-49413.08,-49716.34,166,149,0.13,0.11,114,141,"EII","EII",77,77
"8",-49147.68,-49467.34,101,161,0.26,0.31,5,121,"EII","EII",88,88
"9",-48932.74,-49255.72,89,75,0.74,0,32,4,"EII","EII",99,99
"10",-48751.53,-49083.22,154,96,0.1,0.29,96,90,"EII","EII",110,110
