"","best_ll_s1","best_ll_s2","iter_best_s1","iter_best_s2","d_s1","d_s2","iter4sec_s1","iter4sec_s2","model_s1","model_s2","df_1","df_2"
"1",-1e+07,-1e+07,NA,NA,0,0,NA,NA,NA,NA,NA,NA
"2",-52263.91,-52386.98,189,65,0,0.03,96,44,"EII","EII",22,22
"3",-51512.6,-51703.43,80,84,0.05,0.11,53,83,"EII","EII",33,33
"4",-50777.08,-50944.35,163,190,0.03,0.02,80,186,"EII","EII",44,44
"5",-50059.01,-50387.85,181,115,0.04,0.05,19,21,"EII","EII",55,55
"6",-49745.62,-50001.37,55,61,0.03,0.07,18,51,"EII","EII",66,66
"7",-49413.07,-49716.63,18,127,0.63,0.18,13,4,"EII","EII",77,77
"8",-49147.54,-49467.39,194,159,0.32,0,34,19,"EII","EII",88,88
"9",-48933.01,-49255.59,33,159,0.11,0.07,29,158,"EII","EII",99,99
"10",-48750.96,-49082.59,124,136,0.08,0.37,111,21,"EII","EII",110,110
