"","best_ll_s1","best_ll_s2","iter_best_s1","iter_best_s2","d_s1","d_s2","iter4sec_s1","iter4sec_s2","model_s1","model_s2","df_1","df_2"
"1",-1e+07,-1e+07,NA,NA,0,0,NA,NA,NA,NA,NA,NA
"2",-52263.88,-52386.97,174,38,0.04,0.23,130,5,"EII","EII",22,22
"3",-51512.51,-51703.53,173,30,0.09,0.07,89,15,"EII","EII",33,33
"4",-50776.99,-50944.32,26,95,0.18,0.02,10,81,"EII","EII",44,44
"5",-50059,-50387.85,34,21,0.12,0.1,3,2,"EII","EII",55,55
"6",-49745.29,-50001.35,195,63,0.12,0.17,187,18,"EII","EII",66,66
"7",-49413.3,-49716.49,154,78,0.06,0.46,133,22,"EII","EII",77,77
"8",-49147.49,-49467.33,70,155,0.44,0.03,19,70,"EII","EII",88,88
"9",-48933.14,-49255.73,95,170,0.1,0.1,25,149,"EII","EII",99,99
"10",-48750.29,-49082.21,137,132,0.38,0.73,14,55,"EII","EII",110,110
