"","best_ll_s1","best_ll_s2","iter_best_s1","iter_best_s2","d_s1","d_s2","iter4sec_s1","iter4sec_s2","model_s1","model_s2","df_1","df_2"
"1",-1e+07,-1e+07,NA,NA,0,0,NA,NA,NA,NA,NA,NA
"2",-52263.89,-52386.96,9,177,0.18,0.02,3,77,"EII","EII",22,22
"3",-51512.34,-51703.5,181,167,0.29,0.04,95,119,"EII","EII",33,33
"4",-50777.04,-50944.3,8,77,0.64,0.05,2,73,"EII","EII",44,44
"5",-50058.98,-50387.83,61,162,0.1,0.05,6,135,"EII","EII",55,55
"6",-49745.41,-50001.36,122,64,0.15,0.01,81,9,"EII","EII",66,66
"7",-49413.23,-49716.49,197,3,0.03,1.59,6,2,"EII","EII",77,77
"8",-49147.48,-49467.43,130,45,0.09,0.34,10,16,"EII","EII",88,88
"9",-48933.04,-49255.61,66,162,0.14,0.2,10,38,"EII","EII",99,99
"10",-48750.29,-49082.77,35,177,0.64,0.65,10,100,"EII","EII",110,110
