"","best_ll_s1","best_ll_s2","iter_best_s1","iter_best_s2","d_s1","d_s2","iter4sec_s1","iter4sec_s2","model_s1","model_s2","df_1","df_2"
"1",-1e+07,-1e+07,NA,NA,0,0,NA,NA,NA,NA,NA,NA
"2",-52263.88,-52386.95,29,197,0.06,0.02,22,126,"EII","EII",22,22
"3",-51512.43,-51703.49,165,119,0.3,0.04,10,92,"EII","EII",33,33
"4",-50776.95,-50944.34,44,194,0.26,0,40,82,"EII","EII",44,44
"5",-50059.04,-50387.87,88,132,0.05,0.03,14,69,"EII","EII",55,55
"6",-49745.44,-50001.31,64,69,0.29,0.1,48,53,"EII","EII",66,66
"7",-49413.27,-49716.43,107,71,0.18,0.02,5,55,"EII","EII",77,77
"8",-49147.5,-49467.4,35,84,0.7,0.28,16,72,"EII","EII",88,88
"9",-48932.81,-49255.77,81,66,0.24,0.13,57,12,"EII","EII",99,99
"10",-48751.06,-49082.76,188,160,0.24,0.01,123,110,"EII","EII",110,110
