"","best_ll_s1","best_ll_s2","iter_best_s1","iter_best_s2","d_s1","d_s2","iter4sec_s1","iter4sec_s2","model_s1","model_s2","df_1","df_2"
"1",-1e+07,-1e+07,NA,NA,0,0,NA,NA,NA,NA,NA,NA
"2",-52263.88,-52386.95,199,134,0.02,0.02,59,100,"EII","EII",22,22
"3",-51512.5,-51703.51,126,122,0.04,0.01,7,87,"EII","EII",33,33
"4",-50777.02,-50944.35,176,161,0.1,0.01,9,152,"EII","EII",44,44
"5",-50058.93,-50387.87,27,81,0.03,0.04,25,69,"EII","EII",55,55
"6",-49745.11,-50001.1,31,31,0.63,0.65,12,10,"EII","EII",66,66
"7",-49412.98,-49716.47,6,170,1.9,0.18,5,50,"EII","EII",77,77
"8",-49147.84,-49467.42,73,178,0.01,0.05,39,16,"EII","EII",88,88
"9",-48932.54,-49255.44,9,160,1.5,0.52,5,13,"EII","EII",99,99
"10",-48751.13,-49082.3,87,127,0.24,0.47,65,14,"EII","EII",110,110
