"","best_ll_s1","best_ll_s2","iter_best_s1","iter_best_s2","d_s1","d_s2","iter4sec_s1","iter4sec_s2","model_s1","model_s2","df_1","df_2"
"1",-1e+07,-1e+07,NA,NA,0,0,NA,NA,NA,NA,NA,NA
"2",-52263.87,-52386.96,63,190,0.22,0.02,11,59,"EII","EII",22,22
"3",-51512.41,-51703.5,59,51,0.02,0.06,47,23,"EII","EII",33,33
"4",-50777.1,-50944.34,116,31,0.03,0.02,16,27,"EII","EII",44,44
"5",-50059,-50387.86,54,10,0.1,0.22,24,1,"EII","EII",55,55
"6",-49745.49,-50001.36,74,176,0.48,0.07,46,173,"EII","EII",66,66
"7",-49413.16,-49716.55,27,125,0.26,0,9,60,"EII","EII",77,77
"8",-49147.87,-49467.42,122,8,0.13,0.74,55,6,"EII","EII",88,88
"9",-48932.96,-49256.01,25,195,0.28,0.02,16,141,"EII","EII",99,99
"10",-48750.71,-49082.64,5,93,23.08,0.34,4,40,"EII","EII",110,110
