"","best_ll_s1","best_ll_s2","iter_best_s1","iter_best_s2","d_s1","d_s2","iter4sec_s1","iter4sec_s2","model_s1","model_s2","df_1","df_2"
"1",-1e+07,-1e+07,NA,NA,0,0,NA,NA,NA,NA,NA,NA
"2",-52263.88,-52386.96,59,60,0.01,0.04,26,43,"EII","EII",22,22
"3",-51512.53,-51703.52,186,132,0.04,0.02,124,74,"EII","EII",33,33
"4",-50777,-50944.28,39,169,0.16,0.03,19,167,"EII","EII",44,44
"5",-50059.05,-50387.87,154,180,0.02,0.01,103,75,"EII","EII",55,55
"6",-49745.43,-50001.33,40,26,0.97,0.23,38,3,"EII","EII",66,66
"7",-49413.21,-49716.32,128,95,0.08,0.37,68,3,"EII","EII",77,77
"8",-49147.53,-49467.6,153,87,0.28,0.01,108,72,"EII","EII",88,88
"9",-48932.8,-49255.39,153,49,0.48,0.5,66,23,"EII","EII",99,99
"10",-48750.96,-49083.48,32,110,0.27,0.33,16,79,"EII","EII",110,110
