"","best_ll_s1","best_ll_s2","iter_best_s1","iter_best_s2","d_s1","d_s2","iter4sec_s1","iter4sec_s2","model_s1","model_s2","df_1","df_2"
"1",-1e+07,-1e+07,NA,NA,0,0,NA,NA,NA,NA,NA,NA
"2",-52263.87,-52386.96,132,33,0.02,0.15,125,30,"EII","EII",22,22
"3",-51512.54,-51703.5,104,54,0.22,0.03,48,23,"EII","EII",33,33
"4",-50777.06,-50944.27,43,25,0.04,0.09,42,9,"EII","EII",44,44
"5",-50059.02,-50387.82,167,196,0.02,0.04,70,125,"EII","EII",55,55
"6",-49745.49,-50001.44,137,116,0.08,0.03,74,94,"EII","EII",66,66
"7",-49413.03,-49716.4,48,104,0.63,0.01,20,15,"EII","EII",77,77
"8",-49147.64,-49467.53,186,163,0.3,0.12,13,131,"EII","EII",88,88
"9",-48932.95,-49255.6,99,143,0.3,0.33,28,140,"EII","EII",99,99
"10",-48750.46,-49082.77,74,120,0.45,0.64,42,39,"EII","EII",110,110
