"","best_ll_s1","best_ll_s2","iter_best_s1","iter_best_s2","d_s1","d_s2","iter4sec_s1","iter4sec_s2","model_s1","model_s2","df_1","df_2"
"1",-1e+07,-1e+07,NA,NA,0,0,NA,NA,NA,NA,NA,NA
"2",-52263.88,-52386.95,128,197,0,0.01,94,29,"EII","EII",22,22
"3",-51512.54,-51703.45,51,36,0.06,0.13,42,16,"EII","EII",33,33
"4",-50776.95,-50944.31,147,163,0.08,0,58,119,"EII","EII",44,44
"5",-50058.96,-50387.88,119,197,0.1,0.03,101,120,"EII","EII",55,55
"6",-49745.57,-50001.28,120,35,0.38,0.21,59,14,"EII","EII",66,66
"7",-49413.2,-49716.63,88,79,0.33,0.19,63,23,"EII","EII",77,77
"8",-49147.65,-49467.15,173,58,0.16,0.55,49,25,"EII","EII",88,88
"9",-48933.13,-49255.92,119,188,0.21,0.05,83,34,"EII","EII",99,99
"10",-48750.36,-49082.65,130,65,0.35,0.74,47,24,"EII","EII",110,110
