"","best_ll_s1","best_ll_s2","iter_best_s1","iter_best_s2","d_s1","d_s2","iter4sec_s1","iter4sec_s2","model_s1","model_s2","df_1","df_2"
"1",-1e+07,-1e+07,NA,NA,0,0,NA,NA,NA,NA,NA,NA
"2",-52263.86,-52386.97,35,129,0.07,0.03,29,36,"EII","EII",22,22
"3",-51512.55,-51703.55,185,24,0.13,0,177,122,"EII","EII",33,33
"4",-50777,-50944.29,34,37,0.04,0.1,158,26,"EII","EII",44,44
"5",-50058.93,-50387.88,134,96,0.11,0,122,15,"EII","EII",55,55
"6",-49745.45,-50001.34,3,134,0.18,0.03,174,16,"EII","EII",66,66
"7",-49413.03,-49716.39,141,167,0.03,0.01,165,127,"EII","EII",77,77
"8",-49147.45,-49467.44,163,52,0.24,0.09,125,33,"EII","EII",88,88
"9",-48932.75,-49255.89,45,178,0.21,0.09,146,110,"EII","EII",99,99
"10",-48750.31,-49082.51,84,69,0.16,0.03,40,60,"EII","EII",110,110
