"","best_ll_s1","best_ll_s2","iter_best_s1","iter_best_s2","d_s1","d_s2","iter4sec_s1","iter4sec_s2","model_s1","model_s2","df_1","df_2"
"1",-1e+07,-1e+07,NA,NA,0,0,NA,NA,NA,NA,NA,NA
"2",-52263.88,-52386.96,194,178,0.01,0.01,16,108,"EII","EII",22,22
"3",-51512.61,-51703.47,104,90,0.24,0.07,83,83,"EII","EII",33,33
"4",-50777.03,-50944.35,169,52,0.03,0,150,28,"EII","EII",44,44
"5",-50059.02,-50387.85,41,100,0.04,0.04,34,9,"EII","EII",55,55
"6",-49745.56,-50001.19,147,19,0.1,0.24,2,10,"EII","EII",66,66
"7",-49413.25,-49716.39,167,54,0.01,0.26,70,26,"EII","EII",77,77
"8",-49147.38,-49467.47,57,10,0.36,0.57,47,9,"EII","EII",88,88
"9",-48933.36,-49255.8,194,178,0.21,0.14,182,70,"EII","EII",99,99
"10",-48750.74,-49082.68,116,13,0.36,22.12,42,9,"EII","EII",110,110
