"","best_ll_s1","best_ll_s2","iter_best_s1","iter_best_s2","d_s1","d_s2","iter4sec_s1","iter4sec_s2","model_s1","model_s2","df_1","df_2"
"1",-1e+07,-1e+07,NA,NA,0,0,NA,NA,NA,NA,NA,NA
"2",-52263.88,-52386.98,77,187,0.02,0.01,23,118,"EII","EII",22,22
"3",-51512.57,-51703.51,106,16,0.05,0.04,89,4,"EII","EII",33,33
"4",-50777.07,-50944.31,54,194,0.07,0.04,53,48,"EII","EII",44,44
"5",-50059,-50387.9,133,44,0.06,0.04,117,12,"EII","EII",55,55
"6",-49745.69,-50001.37,168,180,0.13,0.07,38,103,"EII","EII",66,66
"7",-49413.17,-49716.52,133,65,0.11,0.26,56,51,"EII","EII",77,77
"8",-49147.48,-49467.47,6,189,59.47,0.01,2,104,"EII","EII",88,88
"9",-48933.1,-49255.78,177,4,0.3,127.48,69,3,"EII","EII",99,99
"10",-48750.77,-49082.36,158,98,0.13,0.8,129,38,"EII","EII",110,110
