"","best_ll_s1","best_ll_s2","iter_best_s1","iter_best_s2","d_s1","d_s2","iter4sec_s1","iter4sec_s2","model_s1","model_s2","df_1","df_2"
"1",-1e+07,-1e+07,NA,NA,0,0,NA,NA,NA,NA,NA,NA
"2",-52263.88,-52386.95,183,94,0.02,0.02,176,3,"EII","EII",22,22
"3",-51512.64,-51703.43,91,25,0.11,0.16,62,2,"EII","EII",33,33
"4",-50776.99,-50944.35,109,184,0.02,0.01,24,13,"EII","EII",44,44
"5",-50058.95,-50387.85,117,51,0.02,0.09,35,42,"EII","EII",55,55
"6",-49745.47,-50001.34,49,42,0.04,0.19,46,37,"EII","EII",66,66
"7",-49413.17,-49716.37,91,66,0.34,0.26,43,36,"EII","EII",77,77
"8",-49148.1,-49467.58,114,55,0.07,0.03,49,35,"EII","EII",88,88
"9",-48932.45,-49255.73,88,191,0.59,0.08,70,69,"EII","EII",99,99
"10",-48750.71,-49082.91,4,71,2.48,0.51,2,25,"EII","EII",110,110
