"","best_ll_s1","best_ll_s2","iter_best_s1","iter_best_s2","d_s1","d_s2","iter4sec_s1","iter4sec_s2","model_s1","model_s2","df_1","df_2"
"1",-1e+07,-1e+07,NA,NA,0,0,NA,NA,NA,NA,NA,NA
"2",-52263.88,-52386.95,18,134,0.03,0.01,4,92,"EII","EII",22,22
"3",-51512.39,-51703.5,31,113,0.41,0.07,22,79,"EII","EII",33,33
"4",-50776.99,-50944.23,84,81,0.16,0.12,54,3,"EII","EII",44,44
"5",-50058.97,-50387.87,154,151,0.15,0.03,77,126,"EII","EII",55,55
"6",-49745.49,-50001.34,9,16,0.89,0.16,8,8,"EII","EII",66,66
"7",-49413.37,-49716.57,188,68,0.02,0.14,89,42,"EII","EII",77,77
"8",-49147.72,-49467.31,101,34,0.21,0.38,43,30,"EII","EII",88,88
"9",-48932.83,-49255.64,5,194,70.79,0.13,4,45,"EII","EII",99,99
"10",-48750.56,-49082.69,150,117,0.63,0.69,72,52,"EII","EII",110,110
