"","best_ll_s1","best_ll_s2","iter_best_s1","iter_best_s2","d_s1","d_s2","iter4sec_s1","iter4sec_s2","model_s1","model_s2","df_1","df_2"
"1",-1e+07,-1e+07,NA,NA,0,0,NA,NA,NA,NA,NA,NA
"2",-52263.87,-52386.99,119,100,0.02,0,105,77,"EII","EII",22,22
"3",-51512.44,-51703.56,10,199,0.49,0.01,7,34,"EII","EII",33,33
"4",-50777.14,-50944.33,112,8,0.01,0.25,87,2,"EII","EII",44,44
"5",-50059.03,-50387.9,152,47,0.07,0.13,27,37,"EII","EII",55,55
"6",-49745.43,-50001.31,138,43,0.15,0.04,18,38,"EII","EII",66,66
"7",-49413.29,-49716.45,134,64,0.22,0.04,30,27,"EII","EII",77,77
"8",-49147.67,-49467.62,136,83,0.19,0.04,55,8,"EII","EII",88,88
"9",-48933.1,-49255.77,54,96,0.02,0.13,40,9,"EII","EII",99,99
"10",-48750.56,-49082.64,146,155,0.09,0.48,91,140,"EII","EII",110,110
