"","best_ll_s1","best_ll_s2","iter_best_s1","iter_best_s2","d_s1","d_s2","iter4sec_s1","iter4sec_s2","model_s1","model_s2","df_1","df_2"
"1",-1e+07,-1e+07,NA,NA,0,0,NA,NA,NA,NA,NA,NA
"2",-52263.88,-52386.98,141,101,0.01,0.01,4,70,"EII","EII",22,22
"3",-51512.67,-51703.5,71,67,0.12,0.1,60,60,"EII","EII",33,33
"4",-50777.05,-50944.27,86,187,0.05,0.06,56,67,"EII","EII",44,44
"5",-50059.06,-50387.87,64,56,0.01,0.08,60,55,"EII","EII",55,55
"6",-49745.7,-50001.31,21,111,0.39,0.11,1,58,"EII","EII",66,66
"7",-49413.17,-49716.44,45,184,0.5,0.04,35,101,"EII","EII",77,77
"8",-49147.69,-49467.37,18,15,0.47,2.23,13,8,"EII","EII",88,88
"9",-48932.87,-49255.18,145,198,0.23,0.13,76,53,"EII","EII",99,99
"10",-48751.18,-49082.64,49,46,0.5,0.73,17,37,"EII","EII",110,110
