"","best_ll_s1","best_ll_s2","iter_best_s1","iter_best_s2","d_s1","d_s2","iter4sec_s1","iter4sec_s2","model_s1","model_s2","df_1","df_2"
"1",-1e+07,-1e+07,NA,NA,0,0,NA,NA,NA,NA,NA,NA
"2",-52263.89,-52387,188,117,0,0.02,140,114,"EII","EII",22,22
"3",-51512.65,-51703.49,145,67,0.11,0.03,76,60,"EII","EII",33,33
"4",-50777.07,-50944.35,107,126,0.03,0.01,18,7,"EII","EII",44,44
"5",-50058.97,-50387.92,20,161,0.14,0.09,12,134,"EII","EII",55,55
"6",-49745.55,-50001.22,33,134,0.53,0.16,27,37,"EII","EII",66,66
"7",-49413.2,-49716.49,111,58,0.02,0.07,39,33,"EII","EII",77,77
"8",-49147.59,-49467.36,198,109,0.23,0.05,10,58,"EII","EII",88,88
"9",-48932.99,-49255.79,22,42,0.84,0.12,4,16,"EII","EII",99,99
"10",-48750.06,-49082.65,16,72,2.71,1.18,15,22,"EII","EII",110,110
