"","best_ll_s1","best_ll_s2","iter_best_s1","iter_best_s2","d_s1","d_s2","iter4sec_s1","iter4sec_s2","model_s1","model_s2","df_1","df_2"
"1",-1e+07,-1e+07,NA,NA,0,0,NA,NA,NA,NA,NA,NA
"2",-52263.87,-52386.95,163,11,0,0.34,152,5,"EII","EII",22,22
"3",-51512.59,-51703.5,96,196,0.05,0.02,48,55,"EII","EII",33,33
"4",-50776.98,-50944.3,154,72,0.12,0.09,31,29,"EII","EII",44,44
"5",-50059.06,-50387.88,49,126,0.09,0.01,10,79,"EII","EII",55,55
"6",-49745.46,-50001.25,143,61,0.04,0.13,138,57,"EII","EII",66,66
"7",-49413.03,-49716.6,3,185,0.73,0.01,1,120,"EII","EII",77,77
"8",-49147.47,-49467.34,3,93,60.23,0.2,2,43,"EII","EII",88,88
"9",-48932.8,-49255.57,91,192,0.56,0.05,40,55,"EII","EII",99,99
"10",-48750.28,-49082.92,47,115,0.53,0.29,23,13,"EII","EII",110,110
