"","best_ll_s1","best_ll_s2","iter_best_s1","iter_best_s2","d_s1","d_s2","iter4sec_s1","iter4sec_s2","model_s1","model_s2","df_1","df_2"
"1",-1e+07,-1e+07,NA,NA,0,0,NA,NA,NA,NA,NA,NA
"2",-52263.89,-52386.98,13,1,0,499950000.3,7,0,"EII","EII",22,22
"3",-51512.59,-51703.5,19,140,0.11,0.02,14,125,"EII","EII",33,33
"4",-50776.98,-50944.29,81,170,0.02,0.02,69,160,"EII","EII",44,44
"5",-50058.98,-50387.92,34,168,0.08,0.01,12,79,"EII","EII",55,55
"6",-49745.41,-50001.31,27,9,0.26,0.4,14,7,"EII","EII",66,66
"7",-49413.25,-49716.5,63,91,0.04,0.18,10,65,"EII","EII",77,77
"8",-49147.73,-49467.67,196,181,0.08,0.05,12,145,"EII","EII",88,88
"9",-48932.9,-49255.62,130,32,0.04,0.28,69,11,"EII","EII",99,99
"10",-48751.07,-49083.08,111,156,0.54,0.19,72,68,"EII","EII",110,110
