"","best_ll_s1","best_ll_s2","iter_best_s1","iter_best_s2","d_s1","d_s2","iter4sec_s1","iter4sec_s2","model_s1","model_s2","df_1","df_2"
"1",-1e+07,-1e+07,NA,NA,0,0,NA,NA,NA,NA,NA,NA
"2",-52263.88,-52386.97,101,80,0,0,123,88,"EII","EII",22,22
"3",-51512.62,-51703.5,5,103,0.85,0,3,117,"EII","EII",33,33
"4",-50776.97,-50944.3,55,33,0.05,0,16,78,"EII","EII",44,44
"5",-50059.03,-50387.87,16,19,0.16,0.03,14,187,"EII","EII",55,55
"6",-49745.49,-50001.33,109,117,0,0.02,22,192,"EII","EII",66,66
"7",-49412.99,-49716.39,63,99,0.03,0.31,161,72,"EII","EII",77,77
"8",-49147.59,-49467.38,40,65,0.07,0.23,14,182,"EII","EII",88,88
"9",-48933,-49255.44,182,15,0.04,0.51,38,10,"EII","EII",99,99
"10",-48750.27,-49082.8,55,150,0.41,1.25,179,71,"EII","EII",110,110
