"","best_ll_s1","best_ll_s2","iter_best_s1","iter_best_s2","d_s1","d_s2","iter4sec_s1","iter4sec_s2","model_s1","model_s2","df_1","df_2"
"1",-1e+07,-1e+07,NA,NA,0,0,NA,NA,NA,NA,NA,NA
"2",-52263.9,-52386.96,165,91,0.04,0.02,67,43,"EII","EII",22,22
"3",-51512.55,-51703.51,37,165,0.15,0.03,29,132,"EII","EII",33,33
"4",-50776.99,-50944.33,38,8,0.16,0.38,13,2,"EII","EII",44,44
"5",-50059.05,-50387.9,121,146,0.04,0.02,39,145,"EII","EII",55,55
"6",-49745.29,-50001.32,105,169,0.34,0.01,31,144,"EII","EII",66,66
"7",-49413.14,-49716.48,187,62,0.06,0.32,119,34,"EII","EII",77,77
"8",-49147.45,-49467.63,136,141,0.29,0.09,54,38,"EII","EII",88,88
"9",-48933.24,-49255.79,39,24,1.94,0.39,25,8,"EII","EII",99,99
"10",-48750.69,-49082.47,189,126,1.04,0.63,71,75,"EII","EII",110,110
