"","best_ll_s1","best_ll_s2","iter_best_s1","iter_best_s2","d_s1","d_s2","iter4sec_s1","iter4sec_s2","model_s1","model_s2","df_1","df_2"
"1",-1e+07,-1e+07,NA,NA,0,0,NA,NA,NA,NA,NA,NA
"2",-52263.89,-52386.95,109,153,0,0.04,79,64,"EII","EII",22,22
"3",-51512.46,-51703.52,160,169,0.17,0.01,142,10,"EII","EII",33,33
"4",-50776.98,-50944.31,67,83,0.14,0.01,16,65,"EII","EII",44,44
"5",-50059.01,-50387.88,3,64,0.27,0.03,1,59,"EII","EII",55,55
"6",-49745.47,-50001.04,179,39,0.1,0.39,173,35,"EII","EII",66,66
"7",-49413.04,-49716.64,184,83,0.16,0.01,28,77,"EII","EII",77,77
"8",-49147.52,-49467.54,161,19,0.72,0.13,5,11,"EII","EII",88,88
"9",-48932.39,-49255.68,39,24,1.27,0.59,28,6,"EII","EII",99,99
"10",-48750.33,-49082.37,42,158,1.87,0.77,4,144,"EII","EII",110,110
