"","best_ll_s1","best_ll_s2","iter_best_s1","iter_best_s2","d_s1","d_s2","iter4sec_s1","iter4sec_s2","model_s1","model_s2","df_1","df_2"
"1",-1e+07,-1e+07,NA,NA,0,0,NA,NA,NA,NA,NA,NA
"2",-52263.93,-52386.96,10,197,0.07,0.01,3,143,"EII","EII",22,22
"3",-51512.49,-51703.36,194,26,0.13,0.22,96,25,"EII","EII",33,33
"4",-50777.07,-50944.3,172,13,0.01,0.13,65,4,"EII","EII",44,44
"5",-50058.93,-50387.82,12,145,0.22,0.06,6,75,"EII","EII",55,55
"6",-49745.49,-50001.3,127,13,0.01,0.09,101,8,"EII","EII",66,66
"7",-49412.96,-49716.59,38,100,0.52,0.09,25,37,"EII","EII",77,77
"8",-49147.84,-49467.51,55,26,0.24,0.09,16,23,"EII","EII",88,88
"9",-48932.83,-49255.55,96,175,0.34,0.32,30,89,"EII","EII",99,99
"10",-48750.87,-49082.94,178,175,0.18,0.32,107,40,"EII","EII",110,110
