"","best_ll_s1","best_ll_s2","iter_best_s1","iter_best_s2","d_s1","d_s2","iter4sec_s1","iter4sec_s2","model_s1","model_s2","df_1","df_2"
"1",-1e+07,-1e+07,NA,NA,0,0,NA,NA,NA,NA,NA,NA
"2",-52263.88,-52386.98,148,102,0.01,0,39,97,"EII","EII",22,22
"3",-51512.7,-51703.51,96,78,0.11,0.06,80,71,"EII","EII",33,33
"4",-50777.11,-50944.28,30,175,0.02,0.04,20,166,"EII","EII",44,44
"5",-50058.92,-50387.87,119,10,0.12,0.02,80,8,"EII","EII",55,55
"6",-49745.8,-50001.1,130,16,0.04,1.19,6,5,"EII","EII",66,66
"7",-49413.26,-49716.56,124,97,0.12,0.15,30,17,"EII","EII",77,77
"8",-49147.69,-49467.6,115,28,0.06,0.03,61,18,"EII","EII",88,88
"9",-48932.7,-49255.98,34,161,1.36,0.14,7,112,"EII","EII",99,99
"10",-48750.95,-49082.26,126,7,0.21,25.77,49,6,"EII","EII",110,110
