"","best_ll_s1","best_ll_s2","iter_best_s1","iter_best_s2","d_s1","d_s2","iter4sec_s1","iter4sec_s2","model_s1","model_s2","df_1","df_2"
"1",-1e+07,-1e+07,NA,NA,0,0,NA,NA,NA,NA,NA,NA
"2",-52263.87,-52386.98,120,120,0.04,0.01,64,5,"EII","EII",22,22
"3",-51512.51,-51703.53,193,148,0,0.05,137,107,"EII","EII",33,33
"4",-50777.01,-50944.31,173,38,0.04,0.09,35,26,"EII","EII",44,44
"5",-50058.98,-50387.86,63,71,0.01,0.04,15,63,"EII","EII",55,55
"6",-49745.4,-50001.49,160,12,0.04,0.49,87,1,"EII","EII",66,66
"7",-49413.08,-49716.54,27,31,0.64,0.32,16,28,"EII","EII",77,77
"8",-49147.65,-49467.59,95,110,0.03,0.06,65,8,"EII","EII",88,88
"9",-48932.35,-49255.63,110,196,0.48,0.12,72,1,"EII","EII",99,99
"10",-48750.39,-400090167.26,132,0,1.32,50,126,1,"EII","EII",110,110
