"","best_ll_s1","best_ll_s2","iter_best_s1","iter_best_s2","d_s1","d_s2","iter4sec_s1","iter4sec_s2","model_s1","model_s2","df_1","df_2"
"1",-1e+07,-1e+07,NA,NA,0,0,NA,NA,NA,NA,NA,NA
"2",-52263.91,-52386.98,76,3,0.03,0.33,42,1,"EII","EII",22,22
"3",-51512.47,-51703.54,23,196,0.58,0.01,13,9,"EII","EII",33,33
"4",-50776.98,-50944.29,45,164,0.13,0.05,5,137,"EII","EII",44,44
"5",-50059.02,-50387.84,122,170,0.09,0.05,30,122,"EII","EII",55,55
"6",-49745.23,-50001.28,79,109,0.35,0.1,25,48,"EII","EII",66,66
"7",-49413.11,-49716.53,91,155,0.2,0.01,17,38,"EII","EII",77,77
"8",-49147.47,-49467.38,133,128,0.33,0.06,46,79,"EII","EII",88,88
"9",-48932.7,-49255.54,155,83,0.29,0.18,61,4,"EII","EII",99,99
"10",-48751.2,-49082.42,113,168,0.09,0.26,68,45,"EII","EII",110,110
