"","best_ll_s1","best_ll_s2","iter_best_s1","iter_best_s2","d_s1","d_s2","iter4sec_s1","iter4sec_s2","model_s1","model_s2","df_1","df_2"
"1",-1e+07,-1e+07,NA,NA,0,0,NA,NA,NA,NA,NA,NA
"2",-52263.88,-52386.96,25,20,0.02,0.21,24,19,"EII","EII",22,22
"3",-51512.61,-51703.52,34,7,0.37,0.25,30,4,"EII","EII",33,33
"4",-50777.09,-50944.3,174,63,0,0.05,74,26,"EII","EII",44,44
"5",-50059.07,-50387.84,55,155,0.03,0.04,36,10,"EII","EII",55,55
"6",-49745.37,-50001.35,178,130,0.05,0.01,64,51,"EII","EII",66,66
"7",-49412.98,-49716.38,29,73,0.26,0.15,18,32,"EII","EII",77,77
"8",-49147.54,-49467.67,50,72,0.01,0.16,35,45,"EII","EII",88,88
"9",-48932.98,-49255.37,130,92,0.2,0.57,34,15,"EII","EII",99,99
"10",-48751.19,-49082.49,131,185,0.66,0.67,105,179,"EII","EII",110,110
