"","best_ll_s1","best_ll_s2","iter_best_s1","iter_best_s2","d_s1","d_s2","iter4sec_s1","iter4sec_s2","model_s1","model_s2","df_1","df_2"
"1",-1e+07,-1e+07,NA,NA,0,0,NA,NA,NA,NA,NA,NA
"2",-52263.87,-52386.97,2,157,0.31,0.03,1,139,"EII","EII",22,22
"3",-51512.74,-51703.52,65,171,0.08,0.03,58,117,"EII","EII",33,33
"4",-50777.03,-50944.35,124,70,0.08,0.01,29,35,"EII","EII",44,44
"5",-50059.07,-50387.85,40,56,0.01,0.07,29,23,"EII","EII",55,55
"6",-49745.39,-50001.35,53,56,0.03,0.17,26,29,"EII","EII",66,66
"7",-49413.06,-49716.49,142,2,0.21,2.12,12,1,"EII","EII",77,77
"8",-49147.79,-49467.76,183,191,0,0.11,148,138,"EII","EII",88,88
"9",-48932.85,-49255.64,69,30,0.47,0.84,39,4,"EII","EII",99,99
"10",-48750.71,-49082.41,56,111,1.08,1.09,31,11,"EII","EII",110,110
