"","best_ll_s1","best_ll_s2","iter_best_s1","iter_best_s2","d_s1","d_s2","iter4sec_s1","iter4sec_s2","model_s1","model_s2","df_1","df_2"
"1",-1e+07,-1e+07,NA,NA,0,0,NA,NA,NA,NA,NA,NA
"2",-52263.88,-52386.97,116,62,0.03,0.06,93,18,"EII","EII",22,22
"3",-51512.38,-51703.47,27,80,0.5,0.06,23,40,"EII","EII",33,33
"4",-50776.95,-50944.34,101,155,0.15,0.03,58,4,"EII","EII",44,44
"5",-50058.96,-50387.86,121,55,0.04,0.15,81,52,"EII","EII",55,55
"6",-49745.42,-50001.36,85,194,0.44,0.06,50,26,"EII","EII",66,66
"7",-49413.08,-49716.58,141,75,0.06,0.27,23,54,"EII","EII",77,77
"8",-49147.53,-49467.44,45,62,0.17,0.1,42,48,"EII","EII",88,88
"9",-48932.93,-49255.74,14,57,2.03,0.23,2,32,"EII","EII",99,99
"10",-48750.48,-49082.87,40,165,1.19,0.26,14,57,"EII","EII",110,110
