"","best_ll_s1","best_ll_s2","iter_best_s1","iter_best_s2","d_s1","d_s2","iter4sec_s1","iter4sec_s2","model_s1","model_s2","df_1","df_2"
"1",-1e+07,-1e+07,NA,NA,0,0,NA,NA,NA,NA,NA,NA
"2",-52264.28,-52387.4,4,2,0,0,1,1,"EII","EII",22,22
"3",-51512.54,-51703.55,77,63,0.3,0,17,2,"EII","EII",33,33
"4",-50777.17,-50944.34,43,1,0,49950000,41,0,"EII","EII",44,44
"5",-50059.57,-50387.93,7,41,0,0,2,21,"EII","EII",55,55
"6",-49745.73,-50001.29,198,128,0.1,0.1,112,3,"EII","EII",66,66
"7",-49414.24,-49716.43,7,32,0,0.6,3,13,"EII","EII",77,77
"8",-49147.59,-49467.76,197,43,0.3,0,28,18,"EII","EII",88,88
"9",-48933.42,-49255.72,46,26,0,0.7,26,19,"EII","EII",99,99
"10",-48751.94,-49083.4,25,190,0,0.3,9,122,"EII","EII",110,110
