"","best_ll_s1","best_ll_s2","iter_best_s1","iter_best_s2","d_s1","d_s2","iter4sec_s1","iter4sec_s2","model_s1","model_s2","df_1","df_2"
"1",-1e+07,-1e+07,NA,NA,0,0,NA,NA,NA,NA,NA,NA
"2",-52263.87,-52386.96,99,44,0.01,0.07,17,31,"EII","EII",22,22
"3",-51512.68,-51703.55,59,51,0.02,0.04,42,19,"EII","EII",33,33
"4",-50777.08,-50944.28,89,83,0.01,0.07,72,5,"EII","EII",44,44
"5",-50059.01,-50586.13,41,3,0.04,0,23,2,"EII","EII",55,55
"6",-49745.65,-50001.25,180,49,0.09,0.14,87,48,"EII","EII",66,66
"7",-49413.37,-490070020.02,174,0,0.04,50,87,1,"EII","EII",77,77
"8",-4000091048.23,-490000468.71,0,0,590.39,100.69,1,1,"EII","EII",88,88
"9",-480009032.88,-490000256.29,0,0,200.11,604.68,1,1,"EII","EII",99,99
"10",-400800807.6,-400090167.26,0,0,50,50,1,1,"EII","EII",110,110
