"","best_ll_s1","best_ll_s2","iter_best_s1","iter_best_s2","d_s1","d_s2","iter4sec_s1","iter4sec_s2","model_s1","model_s2","df_1","df_2"
"1",-1e+07,-1e+07,NA,NA,0,0,NA,NA,NA,NA,NA,NA
"2",-52263.88,-52386.97,147,115,0,0.05,71,68,"EII","EII",22,22
"3",-51512.69,-51703.45,140,124,0.01,0.05,103,48,"EII","EII",33,33
"4",-50777.07,-50944.3,199,42,0.02,0.09,27,28,"EII","EII",44,44
"5",-50059.09,-50387.83,102,67,0.02,0.04,59,16,"EII","EII",55,55
"6",-49745.49,-50001.09,175,14,0,0.75,73,7,"EII","EII",66,66
"7",-49413.15,-49716.45,76,70,0.38,0.14,59,34,"EII","EII",77,77
"8",-49147.46,-49467.7,101,75,0.23,0.22,19,69,"EII","EII",88,88
"9",-48933.13,-49255.7,140,98,0.1,0.01,35,18,"EII","EII",99,99
"10",-48751.02,-49082.67,61,6,0.41,0.74,42,3,"EII","EII",110,110
