"","best_ll_s1","best_ll_s2","iter_best_s1","iter_best_s2","d_s1","d_s2","iter4sec_s1","iter4sec_s2","model_s1","model_s2","df_1","df_2"
"1",-1e+07,-1e+07,NA,NA,0,0,NA,NA,NA,NA,NA,NA
"2",-52263.88,-52387,29,107,0.09,0.05,27,43,"EII","EII",22,22
"3",-51512.67,-51703.47,42,42,0.05,0.06,29,24,"EII","EII",33,33
"4",-50776.98,-50944.32,131,94,0.16,0.05,118,91,"EII","EII",44,44
"5",-50058.99,-50387.89,86,83,0.01,0.01,75,13,"EII","EII",55,55
"6",-49745.54,-50001.18,77,167,0.17,0.27,64,55,"EII","EII",66,66
"7",-49413.34,-49716.46,7,74,2.79,0.07,5,16,"EII","EII",77,77
"8",-49147.79,-49467.56,176,32,0.07,0.28,118,6,"EII","EII",88,88
"9",-48932.61,-49255.63,76,19,0.27,0.92,43,8,"EII","EII",99,99
"10",-48750.75,-49082.89,31,65,1.16,1.73,23,7,"EII","EII",110,110
