"","best_ll_s1","best_ll_s2","iter_best_s1","iter_best_s2","d_s1","d_s2","iter4sec_s1","iter4sec_s2","model_s1","model_s2","df_1","df_2"
"1",-1e+07,-1e+07,NA,NA,0,0,NA,NA,NA,NA,NA,NA
"2",-52263.89,-52386.97,121,171,0.01,0,66,67,"EII","EII",22,22
"3",-51512.57,-51703.54,63,177,0.1,0.03,12,73,"EII","EII",33,33
"4",-50777.02,-50944.27,158,81,0.02,0.11,99,76,"EII","EII",44,44
"5",-50059.07,-50387.89,1,80,49950000.11,0.02,0,18,"EII","EII",55,55
"6",-49745.31,-50001.33,86,156,0.11,0.1,39,10,"EII","EII",66,66
"7",-49413.39,-49716.43,84,30,0.06,0.59,39,23,"EII","EII",77,77
"8",-49147.6,-49467.44,189,59,0,0.41,100,6,"EII","EII",88,88
"9",-48932.75,-49255.94,35,159,0.29,0.28,15,103,"EII","EII",99,99
"10",-48750.93,-49083.02,122,190,0.34,0.38,33,75,"EII","EII",110,110
