"","best_ll_s1","best_ll_s2","iter_best_s1","iter_best_s2","d_s1","d_s2","iter4sec_s1","iter4sec_s2","model_s1","model_s2","df_1","df_2"
"1",-1e+07,-1e+07,NA,NA,0,0,NA,NA,NA,NA,NA,NA
"2",-52263.89,-52386.96,165,71,0.01,0.07,159,18,"EII","EII",22,22
"3",-51512.46,-51703.54,134,45,0.05,0.05,100,6,"EII","EII",33,33
"4",-50776.93,-50944.35,130,74,0.11,0.02,4,50,"EII","EII",44,44
"5",-50059.05,-50387.88,61,58,0.07,0.02,18,55,"EII","EII",55,55
"6",-49745.58,-50001.26,113,176,0.16,0.15,76,14,"EII","EII",66,66
"7",-49413.06,-49716.66,14,151,0.3,0.01,12,88,"EII","EII",77,77
"8",-49147.93,-49467.64,16,45,1.08,0.01,15,26,"EII","EII",88,88
"9",-48933.01,-49255.93,131,72,0.28,0.46,99,14,"EII","EII",99,99
"10",-48750.45,-49082.92,131,166,0.27,0.12,67,133,"EII","EII",110,110
