"","best_ll_s1","best_ll_s2","iter_best_s1","iter_best_s2","d_s1","d_s2","iter4sec_s1","iter4sec_s2","model_s1","model_s2","df_1","df_2"
"1",-1e+07,-1e+07,NA,NA,0,0,NA,NA,NA,NA,NA,NA
"2",-52263.87,-52386.95,129,23,0.03,0.04,121,2,"EII","EII",22,22
"3",-51512.68,-51703.54,58,200,0.05,0.02,3,65,"EII","EII",33,33
"4",-50777.09,-50944.32,61,121,0.04,0.03,46,57,"EII","EII",44,44
"5",-50059.06,-50387.92,74,93,0.04,0.02,14,3,"EII","EII",55,55
"6",-49745.42,-50001.23,62,11,0.28,0.73,13,3,"EII","EII",66,66
"7",-49413.27,-49716.54,146,177,0.11,0.06,136,176,"EII","EII",77,77
"8",-49147.57,-49467.56,64,5,0.35,2.4,17,1,"EII","EII",88,88
"9",-48933.17,-49255.8,182,95,0.11,0.23,26,11,"EII","EII",99,99
"10",-48750.67,-49082.43,110,117,0.05,0.77,77,96,"EII","EII",110,110
