"","best_ll_s1","best_ll_s2","iter_best_s1","iter_best_s2","d_s1","d_s2","iter4sec_s1","iter4sec_s2","model_s1","model_s2","df_1","df_2"
"1",-1e+07,-1e+07,NA,NA,0,0,NA,NA,NA,NA,NA,NA
"2",-52263.89,-52386.99,66,67,0.01,0.07,23,40,"EII","EII",22,22
"3",-51512.46,-51703.48,37,200,0.33,0.07,25,45,"EII","EII",33,33
"4",-50777.04,-50944.3,146,152,0.08,0.05,113,82,"EII","EII",44,44
"5",-50059.08,-50387.89,44,94,0.02,0.03,13,16,"EII","EII",55,55
"6",-49745.25,-50001.09,22,61,0.12,0.41,17,49,"EII","EII",66,66
"7",-49412.9,-49716.4,6,197,0.76,0.02,5,47,"EII","EII",77,77
"8",-49147.55,-49467.59,82,182,0.47,0.01,16,106,"EII","EII",88,88
"9",-48932.82,-49255.38,38,86,0.43,0.77,34,58,"EII","EII",99,99
"10",-48750.85,-49082.94,31,80,0.46,0.45,20,69,"EII","EII",110,110
