"","best_ll_s1","best_ll_s2","iter_best_s1","iter_best_s2","d_s1","d_s2","iter4sec_s1","iter4sec_s2","model_s1","model_s2","df_1","df_2"
"1",-1e+07,-1e+07,NA,NA,0,0,NA,NA,NA,NA,NA,NA
"2",-52263.87,-52386.97,178,42,0.01,0.15,43,35,"EII","EII",22,22
"3",-51512.27,-51703.52,68,60,0.42,0.06,44,2,"EII","EII",33,33
"4",-50777.02,-50944.3,65,63,0.09,0.08,22,19,"EII","EII",44,44
"5",-50059.02,-50387.88,116,137,0,0.01,98,82,"EII","EII",55,55
"6",-49745.32,-50001.34,73,112,0.27,0.07,68,10,"EII","EII",66,66
"7",-49412.88,-49716.44,98,100,0.33,0.06,61,96,"EII","EII",77,77
"8",-49147.82,-49467.29,91,77,0.11,0.07,8,56,"EII","EII",88,88
"9",-48933.39,-49255.51,51,32,0.26,0.1,43,26,"EII","EII",99,99
"10",-48750.67,-49082.37,173,22,0.06,1.73,28,10,"EII","EII",110,110
