"","best_ll_s1","best_ll_s2","iter_best_s1","iter_best_s2","d_s1","d_s2","iter4sec_s1","iter4sec_s2","model_s1","model_s2","df_1","df_2"
"1",-1e+07,-1e+07,NA,NA,0,0,NA,NA,NA,NA,NA,NA
"2",-52263.88,-52386.99,134,52,0.01,0.11,46,46,"EII","EII",22,22
"3",-51512.62,-51703.53,89,137,0.07,0.03,59,9,"EII","EII",33,33
"4",-50777.02,-50944.34,196,151,0.02,0.01,26,48,"EII","EII",44,44
"5",-50059,-50387.83,157,134,0.09,0.09,40,39,"EII","EII",55,55
"6",-49745.55,-50001.37,155,189,0.14,0.05,88,93,"EII","EII",66,66
"7",-49413.17,-49716.45,191,120,0.1,0.01,42,44,"EII","EII",77,77
"8",-49147.48,-49467.64,43,30,0.76,0.25,27,12,"EII","EII",88,88
"9",-48933.03,-49255.39,118,59,0.07,0.62,100,49,"EII","EII",99,99
"10",-48750.12,-49082.71,186,40,1.25,0.92,23,22,"EII","EII",110,110
