"","best_ll_s1","best_ll_s2","iter_best_s1","iter_best_s2","d_s1","d_s2","iter4sec_s1","iter4sec_s2","model_s1","model_s2","df_1","df_2"
"1",-1e+07,-1e+07,NA,NA,0,0,NA,NA,NA,NA,NA,NA
"2",-52263.89,-52386.98,198,194,0,0.01,85,34,"EII","EII",22,22
"3",-51512.48,-51703.51,1,47,4999950000.1,0.11,0,10,"EII","EII",33,33
"4",-50776.97,-50944.23,104,22,0.19,0.21,21,7,"EII","EII",44,44
"5",-50058.96,-50387.86,36,126,0.26,0.12,17,103,"EII","EII",55,55
"6",-49745.37,-50001.4,72,81,0.07,0.01,21,50,"EII","EII",66,66
"7",-49413.24,-49716.43,177,33,0.13,0.52,19,19,"EII","EII",77,77
"8",-49147.56,-49467.56,34,190,0.58,0.04,23,50,"EII","EII",88,88
"9",-48932.63,-49256.01,75,16,0.1,0.52,67,13,"EII","EII",99,99
"10",-48751.13,-49083,156,140,0.65,0.21,64,22,"EII","EII",110,110
