"","best_ll_s1","best_ll_s2","iter_best_s1","iter_best_s2","d_s1","d_s2","iter4sec_s1","iter4sec_s2","model_s1","model_s2","df_1","df_2"
"1",-1e+07,-1e+07,NA,NA,0,0,NA,NA,NA,NA,NA,NA
"2",-52263.87,-52386.98,129,51,0.01,0,44,75,"EII","EII",22,22
"3",-51512.37,-51703.39,10,162,0.37,0.05,5,18,"EII","EII",33,33
"4",-50777.01,-50944.31,100,59,0.06,0.04,77,7,"EII","EII",44,44
"5",-50058.98,-50387.88,144,47,0.02,0.03,91,19,"EII","EII",55,55
"6",-49745.3,-50001.16,185,130,0.24,0.18,149,187,"EII","EII",66,66
"7",-49413.35,-49716.29,146,151,0.17,0.24,121,126,"EII","EII",77,77
"8",-49147.45,-49467.42,9,93,0.23,0.22,8,98,"EII","EII",88,88
"9",-48932.72,-49255.51,141,97,0.33,0.29,1,23,"EII","EII",99,99
"10",-48750.23,-49082.3,121,39,0.11,0.4,107,34,"EII","EII",110,110
