"","best_ll_s1","best_ll_s2","iter_best_s1","iter_best_s2","d_s1","d_s2","iter4sec_s1","iter4sec_s2","model_s1","model_s2","df_1","df_2"
"1",-1e+07,-1e+07,NA,NA,0,0,NA,NA,NA,NA,NA,NA
"2",-52263.88,-52387.01,70,111,0.02,0.03,52,8,"EII","EII",22,22
"3",-51512.45,-51703.49,135,170,0.18,0.03,96,84,"EII","EII",33,33
"4",-50777.06,-50944.32,87,197,0.03,0.04,37,173,"EII","EII",44,44
"5",-50058.95,-50387.88,2,94,456.25,0.06,1,29,"EII","EII",55,55
"6",-49745.32,-50001.3,134,184,0.28,0.1,44,140,"EII","EII",66,66
"7",-49413.12,-49716.54,54,62,0.06,0.09,53,36,"EII","EII",77,77
"8",-49147.72,-49467.51,93,48,0.14,0.24,73,37,"EII","EII",88,88
"9",-48932.63,-49255.65,166,78,0.01,0.24,67,27,"EII","EII",99,99
"10",-48750.9,-49082.55,64,27,1.21,1.47,42,12,"EII","EII",110,110
