"","best_ll_s1","best_ll_s2","iter_best_s1","iter_best_s2","d_s1","d_s2","iter4sec_s1","iter4sec_s2","model_s1","model_s2","df_1","df_2"
"1",-1e+07,-1e+07,NA,NA,0,0,NA,NA,NA,NA,NA,NA
"2",-52263.87,-52386.97,135,86,0.02,0.07,28,56,"EII","EII",22,22
"3",-51512.48,-51703.48,87,73,0.18,0.04,27,67,"EII","EII",33,33
"4",-50777.04,-50944.26,145,179,0.07,0.08,143,170,"EII","EII",44,44
"5",-50059.03,-50387.86,200,145,0.03,0.03,26,57,"EII","EII",55,55
"6",-49745.58,-50001.25,169,195,0.18,0.12,85,57,"EII","EII",66,66
"7",-49413.42,-49716.53,25,200,0.22,0.22,2,176,"EII","EII",77,77
"8",-49147.77,-49467.82,159,182,0.3,0.03,125,84,"EII","EII",88,88
"9",-48932.7,-49255.41,174,71,0.55,0.65,170,34,"EII","EII",99,99
"10",-48750.83,-49083.19,168,19,0.35,1.12,57,11,"EII","EII",110,110
