"","best_ll_s1","best_ll_s2","iter_best_s1","iter_best_s2","d_s1","d_s2","iter4sec_s1","iter4sec_s2","model_s1","model_s2","df_1","df_2"
"1",-1e+07,-1e+07,NA,NA,0,0,NA,NA,NA,NA,NA,NA
"2",-52263.87,-52386.98,101,161,0.03,0,78,100,"EII","EII",22,22
"3",-51512.64,-51703.42,155,130,0.05,0.06,55,72,"EII","EII",33,33
"4",-50776.98,-50944.23,162,12,0.06,0.05,46,2,"EII","EII",44,44
"5",-50059.08,-50387.8,173,48,0,0.15,121,45,"EII","EII",55,55
"6",-49745.3,-50001.35,54,87,0.12,0.05,27,56,"EII","EII",66,66
"7",-49413.28,-49716.54,176,18,0,0.73,112,11,"EII","EII",77,77
"8",-49147.62,-49467.4,165,96,0.23,0.27,21,10,"EII","EII",88,88
"9",-48932.97,-49255.64,53,31,0.3,0.24,47,8,"EII","EII",99,99
"10",-48750.61,-49082.43,193,89,0.37,1.5,56,19,"EII","EII",110,110
