"","best_ll_s1","best_ll_s2","iter_best_s1","iter_best_s2","d_s1","d_s2","iter4sec_s1","iter4sec_s2","model_s1","model_s2","df_1","df_2"
"1",-1e+07,-1e+07,NA,NA,0,0,NA,NA,NA,NA,NA,NA
"2",-52263.88,-52386.98,30,92,0.05,0.01,6,67,"EII","EII",22,22
"3",-51512.37,-51703.51,190,66,0.17,0.03,138,58,"EII","EII",33,33
"4",-50776.95,-50944.29,65,177,0.13,0.06,50,167,"EII","EII",44,44
"5",-50059.03,-50387.89,39,87,0.1,0.05,2,51,"EII","EII",55,55
"6",-49745.72,-50001.38,99,138,0.14,0.05,12,30,"EII","EII",66,66
"7",-49413.18,-49716.59,15,122,0.36,0.15,4,75,"EII","EII",77,77
"8",-49147.71,-49467.57,123,157,0.04,0.02,48,135,"EII","EII",88,88
"9",-48932.67,-49255.45,192,77,0.24,0.55,104,52,"EII","EII",99,99
"10",-48750.37,-49082.74,192,156,0.1,0.27,148,13,"EII","EII",110,110
