"","best_ll_s1","best_ll_s2","iter_best_s1","iter_best_s2","d_s1","d_s2","iter4sec_s1","iter4sec_s2","model_s1","model_s2","df_1","df_2"
"1",-1e+07,-1e+07,NA,NA,0,0,NA,NA,NA,NA,NA,NA
"2",-52263.89,-52386.97,197,188,0,0.03,101,75,"EII","EII",22,22
"3",-51512.51,-51703.5,38,75,0.09,0.05,8,74,"EII","EII",33,33
"4",-50777.09,-50944.36,75,120,0.07,0.02,71,86,"EII","EII",44,44
"5",-50059.05,-50387.9,177,22,0.01,0.05,121,10,"EII","EII",55,55
"6",-49745.34,-50001.28,74,93,0.18,0.09,51,79,"EII","EII",66,66
"7",-49413.3,-49716.51,85,48,0.14,0.22,40,23,"EII","EII",77,77
"8",-49147.75,-49467.62,193,133,0.1,0.22,49,3,"EII","EII",88,88
"9",-48933.07,-49255.79,19,93,0.72,0.02,2,61,"EII","EII",99,99
"10",-48750.59,-49082.99,62,58,0.15,0.37,41,42,"EII","EII",110,110
