"","best_ll_s1","best_ll_s2","iter_best_s1","iter_best_s2","d_s1","d_s2","iter4sec_s1","iter4sec_s2","model_s1","model_s2","df_1","df_2"
"1",-1e+07,-1e+07,NA,NA,0,0,NA,NA,NA,NA,NA,NA
"2",-52263.87,-52387.02,129,137,0.01,0.01,104,115,"EII","EII",22,22
"3",-51512.53,-51703.51,71,90,0.15,0.02,31,1,"EII","EII",33,33
"4",-50776.99,-50944.3,52,167,0.05,0.03,32,154,"EII","EII",44,44
"5",-50058.93,-50387.88,123,83,0.18,0.04,41,38,"EII","EII",55,55
"6",-49745.53,-50001.2,38,89,0.02,0.19,25,40,"EII","EII",66,66
"7",-49413.19,-49716.56,61,137,0.06,0.04,56,90,"EII","EII",77,77
"8",-49147.43,-49467.43,163,96,0.11,0.2,61,50,"EII","EII",88,88
"9",-48933.02,-49255.26,68,7,0.07,1.92,55,3,"EII","EII",99,99
"10",-48750.39,-49082.5,32,166,1.6,1.18,28,146,"EII","EII",110,110
