"","best_ll_s1","best_ll_s2","iter_best_s1","iter_best_s2","d_s1","d_s2","iter4sec_s1","iter4sec_s2","model_s1","model_s2","df_1","df_2"
"1",-1e+07,-1e+07,NA,NA,0,0,NA,NA,NA,NA,NA,NA
"2",-52263.88,-52386.96,29,11,0.27,0.32,11,5,"EII","EII",22,22
"3",-51512.48,-51703.47,48,57,0.12,0.14,12,42,"EII","EII",33,33
"4",-50777.07,-50944.28,134,94,0.03,0.08,8,65,"EII","EII",44,44
"5",-50058.96,-50387.86,144,155,0.02,0.02,21,90,"EII","EII",55,55
"6",-49745.55,-50001.37,98,151,0.18,0.15,26,56,"EII","EII",66,66
"7",-49413.42,-49716.53,1,85,48955623.14,0.11,0,72,"EII","EII",77,77
"8",-49147.38,-49467.51,24,16,0.51,1.86,9,3,"EII","EII",88,88
"9",-48932.73,-49255.77,50,138,0.62,0.08,30,5,"EII","EII",99,99
"10",-48750.82,-49082.47,136,190,0.08,0.77,134,109,"EII","EII",110,110
