"","best_ll_s1","best_ll_s2","iter_best_s1","iter_best_s2","d_s1","d_s2","iter4sec_s1","iter4sec_s2","model_s1","model_s2","df_1","df_2"
"1",-1e+07,-1e+07,NA,NA,0,0,NA,NA,NA,NA,NA,NA
"2",-52263.88,-52386.97,69,41,0.02,0.08,30,9,"EII","EII",22,22
"3",-51512.43,-51703.45,87,106,0.23,0.1,59,83,"EII","EII",33,33
"4",-50777.1,-50944.32,142,80,0,0,14,3,"EII","EII",44,44
"5",-50059.04,-50387.89,178,54,0.01,0,99,8,"EII","EII",55,55
"6",-49745.52,-50001.38,150,181,0.06,0.01,99,93,"EII","EII",66,66
"7",-49413.29,-49716.48,36,40,0.04,0.52,10,31,"EII","EII",77,77
"8",-49147.64,-49467.43,4,39,60.63,0.15,1,14,"EII","EII",88,88
"9",-48932.71,-49255.36,82,75,0.18,0.17,5,29,"EII","EII",99,99
"10",-48750.74,-49082.51,187,49,0.21,1.49,184,16,"EII","EII",110,110
