"","best_ll_s1","best_ll_s2","iter_best_s1","iter_best_s2","d_s1","d_s2","iter4sec_s1","iter4sec_s2","model_s1","model_s2","df_1","df_2"
"1",-1e+07,-1e+07,NA,NA,0,0,NA,NA,NA,NA,NA,NA
"2",-52263.87,-52387.03,39,6,0.03,0.27,31,5,"EII","EII",22,22
"3",-51512.56,-51703.44,126,67,0.1,0.1,102,21,"EII","EII",33,33
"4",-50777,-50944.34,43,66,0.16,0,2,34,"EII","EII",44,44
"5",-50059.01,-50387.88,28,89,0.1,0.01,8,15,"EII","EII",55,55
"6",-49745.52,-50001.36,110,46,0.37,0.06,32,39,"EII","EII",66,66
"7",-49413.06,-49716.69,65,91,0.45,0.05,60,25,"EII","EII",77,77
"8",-49147.76,-49467.47,103,12,0.09,1.01,69,3,"EII","EII",88,88
"9",-48933.08,-49255.81,132,69,0.08,0.08,66,30,"EII","EII",99,99
"10",-48750.68,-49082.5,139,148,0.17,0.72,133,3,"EII","EII",110,110
