"","best_ll_s1","best_ll_s2","iter_best_s1","iter_best_s2","d_s1","d_s2","iter4sec_s1","iter4sec_s2","model_s1","model_s2","df_1","df_2"
"1",-1e+07,-1e+07,NA,NA,0,0,NA,NA,NA,NA,NA,NA
"2",-52263.89,-52386.95,77,1,0,499950000.33,16,0,"EII","EII",22,22
"3",-51512.51,-51703.5,45,90,0.19,0.06,24,23,"EII","EII",33,33
"4",-50777.13,-50944.45,17,19,0,0,5,16,"EII","EII",44,44
"5",-50059.05,-50387.92,109,119,0.04,0.01,27,37,"EII","EII",55,55
"6",-49745.37,-50000001.91,101,0,0.41,50,90,1,"EII","EII",66,66
"7",-49005036.56,-490070020.02,0,0,50,50,1,1,"EII","EII",77,77
"8",-4000091048.23,-490000468.71,0,0,590.39,100.69,1,1,"EII","EII",88,88
"9",-480009032.88,-490000256.29,0,0,200.11,604.68,1,1,"EII","EII",99,99
"10",-400800807.6,-400090167.26,0,0,50,50,1,1,"EII","EII",110,110
