"","best_ll_s1","best_ll_s2","iter_best_s1","iter_best_s2","d_s1","d_s2","iter4sec_s1","iter4sec_s2","model_s1","model_s2","df_1","df_2"
"1",-1e+07,-1e+07,NA,NA,0,0,NA,NA,NA,NA,NA,NA
"2",-52263.88,-52386.95,184,9,0.04,0.33,45,6,"EII","EII",22,22
"3",-51512.6,-51703.5,28,189,0.02,0.03,13,178,"EII","EII",33,33
"4",-50776.98,-50944.25,142,101,0.03,0.08,18,73,"EII","EII",44,44
"5",-50059.03,-50387.89,52,65,0.04,0.01,4,31,"EII","EII",55,55
"6",-49745.57,-50001.24,42,192,0.42,0.13,9,54,"EII","EII",66,66
"7",-49413.2,-49716.61,165,159,0.09,0.03,77,64,"EII","EII",77,77
"8",-49147.85,-49467.41,123,143,0.13,0.16,106,92,"EII","EII",88,88
"9",-48933.06,-49255.85,24,162,0.19,0.14,16,125,"EII","EII",99,99
"10",-48750.68,-49082.77,45,19,0.4,2.49,44,6,"EII","EII",110,110
