"","best_ll_s1","best_ll_s2","iter_best_s1","iter_best_s2","d_s1","d_s2","iter4sec_s1","iter4sec_s2","model_s1","model_s2","df_1","df_2"
"1",-1e+07,-1e+07,NA,NA,0,0,NA,NA,NA,NA,NA,NA
"2",-52263.88,-52386.96,138,159,0,0.03,50,149,"EII","EII",22,22
"3",-51512.57,-51703.46,156,190,0.05,0.04,135,1,"EII","EII",33,33
"4",-50777.02,-50944.26,56,112,0.04,0.1,28,38,"EII","EII",44,44
"5",-50059.01,-50387.89,192,26,0.04,0.31,187,23,"EII","EII",55,55
"6",-49745.5,-50001.14,69,46,0.02,0.21,50,1,"EII","EII",66,66
"7",-49413.1,-49716.54,120,12,0.01,0.67,92,6,"EII","EII",77,77
"8",-49147.46,-49467.64,168,32,0.34,0.26,103,1,"EII","EII",88,88
"9",-48932.49,-49255.89,154,107,0.59,0.41,16,67,"EII","EII",99,99
"10",-48751.13,-49082.65,174,170,0.37,0.74,146,82,"EII","EII",110,110
