"","best_ll_s1","best_ll_s2","iter_best_s1","iter_best_s2","d_s1","d_s2","iter4sec_s1","iter4sec_s2","model_s1","model_s2","df_1","df_2"
"1",-1e+07,-1e+07,NA,NA,0,0,NA,NA,NA,NA,NA,NA
"2",-52263.88,-52386.99,79,117,0.02,0,22,86,"EII","EII",22,22
"3",-51512.58,-51703.58,105,34,0.04,0.04,15,3,"EII","EII",33,33
"4",-50776.96,-50944.35,9,82,0.14,0,4,20,"EII","EII",44,44
"5",-50059.06,-50387.89,128,180,0.04,0,46,14,"EII","EII",55,55
"6",-49745.43,-50001.39,113,58,0.05,0.02,34,53,"EII","EII",66,66
"7",-49413.05,-49716.51,56,56,0.48,0.08,45,19,"EII","EII",77,77
"8",-49147.66,-49467.55,179,121,0.01,0.27,40,66,"EII","EII",88,88
"9",-48933.07,-49255.57,104,76,0.32,0.57,64,2,"EII","EII",99,99
"10",-48750.46,-49082.82,49,9,0.61,0.4,45,2,"EII","EII",110,110
