"","best_ll_s1","best_ll_s2","iter_best_s1","iter_best_s2","d_s1","d_s2","iter4sec_s1","iter4sec_s2","model_s1","model_s2","df_1","df_2"
"1",-1e+07,-1e+07,NA,NA,0,0,NA,NA,NA,NA,NA,NA
"2",-52263.88,-52386.95,118,138,0.03,0.06,15,59,"EII","EII",22,22
"3",-51512.61,-51703.52,133,58,0.02,0.03,1,40,"EII","EII",33,33
"4",-50777.06,-50944.33,44,138,0.08,0.02,26,135,"EII","EII",44,44
"5",-50059,-50387.88,45,186,0.02,0.01,40,16,"EII","EII",55,55
"6",-49745.62,-50001.4,173,92,0.11,0.03,69,80,"EII","EII",66,66
"7",-49413.13,-49716.45,90,170,0.42,0.12,59,119,"EII","EII",77,77
"8",-49147.77,-49467.49,117,24,0,0.75,54,9,"EII","EII",88,88
"9",-48933.21,-49255.68,8,187,2.92,0.03,1,167,"EII","EII",99,99
"10",-48750.97,-49082.47,139,150,1.1,0.43,28,107,"EII","EII",110,110
