"","best_ll_s1","best_ll_s2","iter_best_s1","iter_best_s2","d_s1","d_s2","iter4sec_s1","iter4sec_s2","model_s1","model_s2","df_1","df_2"
"1",-1e+07,-1e+07,NA,NA,0,0,NA,NA,NA,NA,NA,NA
"2",-52263.87,-52386.97,70,185,0.01,0.01,51,177,"EII","EII",22,22
"3",-51512.33,-51703.43,158,18,0,0.24,158,11,"EII","EII",33,33
"4",-50777.01,-50944.33,111,116,0,0,111,116,"EII","EII",44,44
"5",-50058.94,-50387.83,119,177,0.08,0,10,177,"EII","EII",55,55
"6",-49745.52,-50001.4,134,62,0,0,134,62,"EII","EII",66,66
"7",-49413.09,-49716.45,110,200,0,0,110,200,"EII","EII",77,77
"8",-49147.65,-49467.76,44,10,0,1.44,44,7,"EII","EII",88,88
"9",-48932.6,-49256.05,91,175,0,0.26,91,64,"EII","EII",99,99
"10",-48751.93,-49082.79,101,67,0.13,0.77,85,4,"EII","EII",110,110
