"","best_ll_s1","best_ll_s2","iter_best_s1","iter_best_s2","d_s1","d_s2","iter4sec_s1","iter4sec_s2","model_s1","model_s2","df_1","df_2"
"1",-1e+07,-1e+07,NA,NA,0,0,NA,NA,NA,NA,NA,NA
"2",-52263.87,-52386.98,92,84,0.02,0,89,64,"EII","EII",22,22
"3",-51512.55,-51703.44,70,14,0.22,0.21,38,3,"EII","EII",33,33
"4",-50777.1,-50944.29,98,165,0.01,0.04,94,31,"EII","EII",44,44
"5",-50059.09,-50387.87,38,44,0.03,0.18,26,15,"EII","EII",55,55
"6",-49745.38,-50001.41,107,83,0.35,0.03,83,80,"EII","EII",66,66
"7",-49412.92,-49716.55,15,60,0.28,0.08,11,45,"EII","EII",77,77
"8",-49147.42,-49467.07,11,173,1.06,0.41,3,12,"EII","EII",88,88
"9",-48933.11,-49255.9,57,90,0.18,0.03,25,31,"EII","EII",99,99
"10",-48750.69,-49082.53,74,50,0.54,0.69,50,25,"EII","EII",110,110
