"","best_ll_s1","best_ll_s2","iter_best_s1","iter_best_s2","d_s1","d_s2","iter4sec_s1","iter4sec_s2","model_s1","model_s2","df_1","df_2"
"1",-1e+07,-1e+07,NA,NA,0,0,NA,NA,NA,NA,NA,NA
"2",-52263.89,-52386.96,99,168,0,0.02,30,12,"EII","EII",22,22
"3",-51512.64,-51703.53,149,12,0.04,0.04,49,6,"EII","EII",33,33
"4",-50777.1,-50944.34,16,95,0.13,0.02,2,56,"EII","EII",44,44
"5",-50059.06,-50387.89,102,80,0.03,0.08,49,18,"EII","EII",55,55
"6",-49745.34,-50001.42,85,29,0.45,0.02,48,13,"EII","EII",66,66
"7",-49413.34,-49716.42,65,199,0.17,0.05,50,104,"EII","EII",77,77
"8",-49147.59,-49467.52,167,200,0.15,0.03,7,198,"EII","EII",88,88
"9",-48933.26,-49255.51,43,189,0.48,0.48,1,103,"EII","EII",99,99
"10",-48751.07,-49082.33,155,16,0.94,0.49,148,7,"EII","EII",110,110
