"","best_ll_s1","best_ll_s2","iter_best_s1","iter_best_s2","d_s1","d_s2","iter4sec_s1","iter4sec_s2","model_s1","model_s2","df_1","df_2"
"1",-1e+07,-1e+07,NA,NA,0,0,NA,NA,NA,NA,NA,NA
"2",-52263.89,-52386.99,14,153,0.01,0.01,12,143,"EII","EII",22,22
"3",-51512.7,-51703.52,191,93,0.03,0.01,39,79,"EII","EII",33,33
"4",-50777.11,-50944.27,110,78,0.01,0.06,59,76,"EII","EII",44,44
"5",-50058.99,-50387.88,99,50,0.05,0.11,38,7,"EII","EII",55,55
"6",-49745.5,-50001.34,184,142,0.3,0.01,82,74,"EII","EII",66,66
"7",-49413.07,-49716.57,41,98,0.58,0.06,5,4,"EII","EII",77,77
"8",-49147.95,-49467.61,32,78,1.37,0.18,15,25,"EII","EII",88,88
"9",-48932.72,-49255.16,78,27,0.71,0.5,75,9,"EII","EII",99,99
"10",-48750.4,-49082.35,69,177,0.38,0.91,9,144,"EII","EII",110,110
