"","best_ll_s1","best_ll_s2","iter_best_s1","iter_best_s2","d_s1","d_s2","iter4sec_s1","iter4sec_s2","model_s1","model_s2","df_1","df_2"
"1",-1e+07,-1e+07,NA,NA,0,0,NA,NA,NA,NA,NA,NA
"2",-52263.87,-52386.97,159,185,0.05,0.01,90,90,"EII","EII",22,22
"3",-51512.47,-51703.43,158,86,0.11,0.01,111,81,"EII","EII",33,33
"4",-50777.11,-50944.28,35,194,0.01,0.05,5,110,"EII","EII",44,44
"5",-50059.09,-50387.85,32,165,0.01,0.04,5,111,"EII","EII",55,55
"6",-49745.33,-50001.37,35,149,0.21,0.04,17,90,"EII","EII",66,66
"7",-49413.07,-49716.52,103,123,0.38,0.06,85,113,"EII","EII",77,77
"8",-49147.71,-49467.28,14,131,0.17,0.23,1,127,"EII","EII",88,88
"9",-48932.78,-49255.44,5,45,58.3,0.41,4,43,"EII","EII",99,99
"10",-48751.27,-49082.8,81,113,0.01,0.66,78,89,"EII","EII",110,110
