"","best_ll_s1","best_ll_s2","iter_best_s1","iter_best_s2","d_s1","d_s2","iter4sec_s1","iter4sec_s2","model_s1","model_s2","df_1","df_2"
"1",-1e+07,-1e+07,NA,NA,0,0,NA,NA,NA,NA,NA,NA
"2",-52263.88,-52386.98,63,113,0,0,63,113,"EII","EII",22,22
"3",-51512.55,-51703.48,190,183,0.13,0,28,183,"EII","EII",33,33
"4",-50777.09,-50944.35,67,112,0,0,67,123,"EII","EII",44,44
"5",-50059,-50387.87,141,190,0.06,0.01,128,144,"EII","EII",55,55
"6",-49745.79,-50001.35,170,20,0,0.19,170,3,"EII","EII",66,66
"7",-49413.04,-49716.66,1,37,48955623.52,0.3,0,16,"EII","EII",77,77
"8",-49147.94,-49467.55,142,80,0,0.47,142,16,"EII","EII",88,88
"9",-48933.08,-49255.44,130,109,0,0,130,109,"EII","EII",99,99
"10",-48750.47,-49083.27,9,19,0,0.91,9,4,"EII","EII",110,110
