"","best_ll_s1","best_ll_s2","iter_best_s1","iter_best_s2","d_s1","d_s2","iter4sec_s1","iter4sec_s2","model_s1","model_s2","df_1","df_2"
"1",-1e+07,-1e+07,NA,NA,0,0,NA,NA,NA,NA,NA,NA
"2",-52263.89,-52386.98,137,60,0,0.04,123,25,"EII","EII",22,22
"3",-51512.64,-51703.47,12,178,0.2,0.04,6,151,"EII","EII",33,33
"4",-50776.95,-50944.34,80,196,0.11,0.01,12,39,"EII","EII",44,44
"5",-50059.01,-50387.88,73,190,0.08,0.02,46,94,"EII","EII",55,55
"6",-49745.39,-50001.34,19,84,0.38,0.06,14,64,"EII","EII",66,66
"7",-49413.15,-49716.42,170,33,0.11,0.71,158,1,"EII","EII",77,77
"8",-49147.89,-49467.55,46,163,0.05,0.16,16,156,"EII","EII",88,88
"9",-48932.75,-49256.01,50,170,0.47,0.11,19,55,"EII","EII",99,99
"10",-48750.68,-49082.28,39,123,0.19,0.99,30,56,"EII","EII",110,110
