"","best_ll_s1","best_ll_s2","iter_best_s1","iter_best_s2","d_s1","d_s2","iter4sec_s1","iter4sec_s2","model_s1","model_s2","df_1","df_2"
"1",-1e+07,-1e+07,NA,NA,0,0,NA,NA,NA,NA,NA,NA
"2",-52263.92,-52386.99,91,106,0,0,3,30,"EII","EII",22,22
"3",-51512.66,-51703.49,12,39,0.35,0.04,4,25,"EII","EII",33,33
"4",-50777.12,-50944.34,180,61,0.02,0.01,158,11,"EII","EII",44,44
"5",-50058.95,-50387.86,168,63,0.13,0.03,118,49,"EII","EII",55,55
"6",-49745.46,-50001.44,17,73,0.39,0.14,12,37,"EII","EII",66,66
"7",-49413.34,-49716.41,45,184,0.02,0.11,3,166,"EII","EII",77,77
"8",-49147.6,-49467.35,34,164,0.45,0.18,7,38,"EII","EII",88,88
"9",-48933.3,-49255.92,129,60,0.32,0.2,47,23,"EII","EII",99,99
"10",-48750.53,-49082.68,193,45,0.1,0.62,47,3,"EII","EII",110,110
