"","best_ll_s1","best_ll_s2","iter_best_s1","iter_best_s2","d_s1","d_s2","iter4sec_s1","iter4sec_s2","model_s1","model_s2","df_1","df_2"
"1",-1e+07,-1e+07,NA,NA,0,0,NA,NA,NA,NA,NA,NA
"2",-52263.87,-52387,20,2,0.06,0.37,5,1,"EII","EII",22,22
"3",-51512.44,-51703.52,102,72,0.22,0.05,17,63,"EII","EII",33,33
"4",-50777.03,-50944.34,175,85,0,0.04,142,1,"EII","EII",44,44
"5",-50058.92,-50387.89,61,51,0.11,0.05,4,11,"EII","EII",55,55
"6",-49745.5,-50001.28,155,12,0.16,0.47,28,1,"EII","EII",66,66
"7",-49413.21,-49716.46,161,184,0.02,0.21,99,13,"EII","EII",77,77
"8",-49147.65,-49467.38,80,130,0.25,0.18,47,45,"EII","EII",88,88
"9",-48932.74,-49255.8,172,18,0.48,1.64,87,8,"EII","EII",99,99
"10",-48750.83,-49082.73,119,136,1.18,0.01,51,24,"EII","EII",110,110
