"","best_ll_s1","best_ll_s2","iter_best_s1","iter_best_s2","d_s1","d_s2","iter4sec_s1","iter4sec_s2","model_s1","model_s2","df_1","df_2"
"1",-1e+07,-1e+07,NA,NA,0,0,NA,NA,NA,NA,NA,NA
"2",-52263.88,-52386.95,119,173,0.02,0.02,65,79,"EII","EII",22,22
"3",-51512.6,-51703.56,2,18,0.6,0.11,1,16,"EII","EII",33,33
"4",-50777.05,-50944.35,156,181,0.05,0.02,122,149,"EII","EII",44,44
"5",-50059.01,-50387.88,30,157,0.07,0,22,105,"EII","EII",55,55
"6",-49745.35,-50001.33,10,35,1.19,0.09,5,30,"EII","EII",66,66
"7",-49413.14,-49716.61,77,191,0.17,0.01,8,87,"EII","EII",77,77
"8",-49147.61,-49467.59,86,57,0.38,0.09,58,35,"EII","EII",88,88
"9",-48932.95,-49255.77,58,75,0.5,0.29,16,64,"EII","EII",99,99
"10",-48750.36,-49082.41,169,83,0.51,0.44,102,81,"EII","EII",110,110
