"","best_ll_s1","best_ll_s2","iter_best_s1","iter_best_s2","d_s1","d_s2","iter4sec_s1","iter4sec_s2","model_s1","model_s2","df_1","df_2"
"1",-1e+07,-1e+07,NA,NA,0,0,NA,NA,NA,NA,NA,NA
"2",-52263.87,-52386.96,160,130,0.01,0.01,77,29,"EII","EII",22,22
"3",-51512.59,-51703.51,7,140,0.67,0.01,5,130,"EII","EII",33,33
"4",-50777.06,-50944.35,21,129,0.12,0.02,3,26,"EII","EII",44,44
"5",-50059.08,-50387.86,92,60,0.02,0.02,7,48,"EII","EII",55,55
"6",-49745.72,-50001.42,95,39,0.01,0.04,34,31,"EII","EII",66,66
"7",-49413.12,-49716.51,159,59,0.22,0.09,135,31,"EII","EII",77,77
"8",-49147.57,-49467.41,199,134,0.2,0.05,150,37,"EII","EII",88,88
"9",-48933.13,-49255.33,71,33,0.36,0.82,61,17,"EII","EII",99,99
"10",-48750.69,-49083.06,43,38,1.19,0.15,28,33,"EII","EII",110,110
