"","best_ll_s1","best_ll_s2","iter_best_s1","iter_best_s2","d_s1","d_s2","iter4sec_s1","iter4sec_s2","model_s1","model_s2","df_1","df_2"
"1",-1e+07,-1e+07,NA,NA,0,0,NA,NA,NA,NA,NA,NA
"2",-52263.92,-52387,22,163,0.01,0,17,66,"EII","EII",22,22
"3",-51512.7,-51703.47,195,68,0.02,0.02,52,21,"EII","EII",33,33
"4",-50776.94,-50944.37,194,3,0.16,0.47,183,2,"EII","EII",44,44
"5",-50058.99,-50387.91,140,159,0.1,0,138,49,"EII","EII",55,55
"6",-49745.23,-50001.41,85,151,0.5,0.05,37,48,"EII","EII",66,66
"7",-49413.16,-49716.43,27,82,0.37,0.05,25,56,"EII","EII",77,77
"8",-49147.64,-49467.61,92,175,0.23,0.19,50,55,"EII","EII",88,88
"9",-48932.99,-49255.44,97,147,0.45,0.21,37,66,"EII","EII",99,99
"10",-48750.54,-49082.65,29,4,0.8,0.24,2,2,"EII","EII",110,110
