"","best_ll_s1","best_ll_s2","iter_best_s1","iter_best_s2","d_s1","d_s2","iter4sec_s1","iter4sec_s2","model_s1","model_s2","df_1","df_2"
"1",-1e+07,-1e+07,NA,NA,0,0,NA,NA,NA,NA,NA,NA
"2",-52263.92,-52386.94,135,72,0.02,0.02,47,12,"EII","EII",22,22
"3",-51512.37,-51703.49,183,112,0.37,0.04,115,94,"EII","EII",33,33
"4",-50777.06,-50944.29,67,85,0.07,0.05,47,39,"EII","EII",44,44
"5",-50058.99,-50387.89,56,26,0.07,0.09,52,17,"EII","EII",55,55
"6",-49745.42,-50001.32,182,124,0.24,0.03,125,73,"EII","EII",66,66
"7",-49413.1,-49716.36,182,33,0.04,0.36,19,19,"EII","EII",77,77
"8",-49147.61,-49467.3,92,62,0.42,0.27,38,28,"EII","EII",88,88
"9",-48933.04,-49255.49,151,149,0.04,0.45,60,69,"EII","EII",99,99
"10",-48751.15,-49082.99,171,149,0.39,0.27,9,64,"EII","EII",110,110
