"","best_ll_s1","best_ll_s2","iter_best_s1","iter_best_s2","d_s1","d_s2","iter4sec_s1","iter4sec_s2","model_s1","model_s2","df_1","df_2"
"1",-1e+07,-1e+07,NA,NA,0,0,NA,NA,NA,NA,NA,NA
"2",-52263.87,-52386.98,24,165,0.08,0.01,7,1,"EII","EII",22,22
"3",-51512.68,-51703.49,56,123,0.01,0.01,51,37,"EII","EII",33,33
"4",-50776.97,-50944.28,8,40,0.67,0.08,4,23,"EII","EII",44,44
"5",-50058.97,-50387.88,66,196,0.07,0.01,40,2,"EII","EII",55,55
"6",-49745.56,-50001.34,155,54,0.09,0.1,149,22,"EII","EII",66,66
"7",-49413.03,-49716.48,47,51,0.53,0.56,8,9,"EII","EII",77,77
"8",-49147.75,-49467.11,178,124,0,0.38,68,50,"EII","EII",88,88
"9",-48932.96,-49255.39,126,69,0.29,0.88,85,36,"EII","EII",99,99
"10",-48750.69,-49082.58,56,198,0.36,0.11,49,7,"EII","EII",110,110
