"","best_ll_s1","best_ll_s2","iter_best_s1","iter_best_s2","d_s1","d_s2","iter4sec_s1","iter4sec_s2","model_s1","model_s2","df_1","df_2"
"1",-1e+07,-1e+07,NA,NA,0,0,NA,NA,NA,NA,NA,NA
"2",-52263.9,-52386.99,189,107,0.01,0.01,126,35,"EII","EII",22,22
"3",-51512.44,-51703.44,106,40,0.31,0.1,68,31,"EII","EII",33,33
"4",-50777.11,-50944.25,22,185,0.01,0.1,7,38,"EII","EII",44,44
"5",-50059.06,-50387.85,189,184,0.01,0.02,108,142,"EII","EII",55,55
"6",-49745.41,-50001.34,122,47,0.06,0.31,47,11,"EII","EII",66,66
"7",-49412.91,-49716.73,26,197,0.75,0.06,4,181,"EII","EII",77,77
"8",-49147.64,-49467.8,93,148,0.16,0.05,46,32,"EII","EII",88,88
"9",-48932.93,-49255.76,116,200,0.55,0.06,66,3,"EII","EII",99,99
"10",-48750.59,-49083.12,125,75,1.48,0.13,64,6,"EII","EII",110,110
