"","best_ll_s1","best_ll_s2","iter_best_s1","iter_best_s2","d_s1","d_s2","iter4sec_s1","iter4sec_s2","model_s1","model_s2","df_1","df_2"
"1",-1e+07,-1e+07,NA,NA,0,0,NA,NA,NA,NA,NA,NA
"2",-52263.88,-52386.97,61,167,0.07,0.02,23,155,"EII","EII",22,22
"3",-51512.43,-51703.52,35,86,0,0.05,35,35,"EII","EII",33,33
"4",-50777.04,-50944.29,17,171,0,0.05,17,2,"EII","EII",44,44
"5",-50059.07,-50387.91,81,94,0,0.01,162,36,"EII","EII",55,55
"6",-49745.56,-50001.35,163,194,0,0.02,163,24,"EII","EII",66,66
"7",-49413.25,-49716.61,142,22,0.18,0.35,137,4,"EII","EII",77,77
"8",-49147.69,-49467.7,169,180,0,0.06,169,141,"EII","EII",88,88
"9",-48932.8,-49255.7,53,67,0.55,0.74,41,44,"EII","EII",99,99
"10",-48750.4,-49082.56,64,74,2.18,0,41,74,"EII","EII",110,110
