"","best_ll_s1","best_ll_s2","iter_best_s1","iter_best_s2","d_s1","d_s2","iter4sec_s1","iter4sec_s2","model_s1","model_s2","df_1","df_2"
"1",-1e+07,-1e+07,NA,NA,0,0,NA,NA,NA,NA,NA,NA
"2",-52263.89,-52386.97,9,105,0.16,0.01,1,31,"EII","EII",22,22
"3",-51512.47,-51703.59,3,179,0.59,0.02,2,155,"EII","EII",33,33
"4",-50776.97,-50944.32,64,134,0.13,0.01,7,47,"EII","EII",44,44
"5",-50058.98,-50387.87,129,101,0.01,0.02,46,89,"EII","EII",55,55
"6",-49745.56,-50001.33,193,167,0.07,0.04,70,119,"EII","EII",66,66
"7",-49412.95,-49716.39,126,56,0.43,0.25,71,7,"EII","EII",77,77
"8",-49147.67,-49467.44,169,28,0.03,0.33,76,12,"EII","EII",88,88
"9",-48933.09,-49255.37,152,133,0.02,0.5,125,92,"EII","EII",99,99
"10",-48750.26,-49082.67,91,13,0.48,36.66,48,5,"EII","EII",110,110
