"","best_ll_s1","best_ll_s2","iter_best_s1","iter_best_s2","d_s1","d_s2","iter4sec_s1","iter4sec_s2","model_s1","model_s2","df_1","df_2"
"1",-1e+07,-1e+07,NA,NA,0,0,NA,NA,NA,NA,NA,NA
"2",-52263.89,-52386.95,135,51,0,0.03,74,14,"EII","EII",22,22
"3",-51512.52,-51703.48,145,67,0.24,0.09,98,20,"EII","EII",33,33
"4",-50777.01,-50944.36,16,42,0.2,0.05,8,18,"EII","EII",44,44
"5",-50058.98,-50387.88,28,68,0.15,0.04,2,17,"EII","EII",55,55
"6",-49745.55,-50001.28,103,187,0.13,0.07,17,72,"EII","EII",66,66
"7",-49413.32,-49716.43,180,34,0.06,0.5,166,31,"EII","EII",77,77
"8",-49147.6,-49467.65,105,42,0.29,0.16,19,1,"EII","EII",88,88
"9",-48933.03,-49255.46,182,180,0.17,0.12,42,178,"EII","EII",99,99
"10",-48750.13,-49083.31,95,76,0.94,0.11,46,9,"EII","EII",110,110
