"","best_ll_s1","best_ll_s2","iter_best_s1","iter_best_s2","d_s1","d_s2","iter4sec_s1","iter4sec_s2","model_s1","model_s2","df_1","df_2"
"1",-1e+07,-1e+07,NA,NA,0,0,NA,NA,NA,NA,NA,NA
"2",-52263.88,-52386.95,138,130,0,0.02,91,68,"EII","EII",22,22
"3",-51512.61,-51703.46,169,1,0.01,50949000.18,78,0,"EII","EII",33,33
"4",-50776.94,-50944.31,177,72,0.16,0.03,110,36,"EII","EII",44,44
"5",-50059.06,-50387.83,85,40,0.03,0.02,57,9,"EII","EII",55,55
"6",-49745.31,-50001.29,7,93,0.42,0.15,2,60,"EII","EII",66,66
"7",-49413.31,-49716.6,112,189,0.06,0.03,38,26,"EII","EII",77,77
"8",-49147.53,-49467.54,43,42,0.09,0.14,13,11,"EII","EII",88,88
"9",-48932.73,-49255.55,164,191,0.62,0.37,125,101,"EII","EII",99,99
"10",-48751.48,-49082.59,43,47,0.6,0.67,1,44,"EII","EII",110,110
