"","best_ll_s1","best_ll_s2","iter_best_s1","iter_best_s2","d_s1","d_s2","iter4sec_s1","iter4sec_s2","model_s1","model_s2","df_1","df_2"
"1",-1e+07,-1e+07,NA,NA,0,0,NA,NA,NA,NA,NA,NA
"2",-52263.87,-52386.98,36,108,0.21,0.01,15,10,"EII","EII",22,22
"3",-51512.47,-51703.51,129,85,0.04,0.02,2,44,"EII","EII",33,33
"4",-50777.1,-50944.34,190,172,0.02,0.01,143,20,"EII","EII",44,44
"5",-50058.96,-50387.9,128,171,0.13,0.03,80,40,"EII","EII",55,55
"6",-49745.43,-50001.28,164,143,0.05,0.05,79,60,"EII","EII",66,66
"7",-49413.19,-49716.5,152,30,0.15,0.3,117,16,"EII","EII",77,77
"8",-49147.77,-49467.51,28,86,0.46,0.27,17,35,"EII","EII",88,88
"9",-48932.7,-49255.79,161,108,0.31,0.06,32,86,"EII","EII",99,99
"10",-48750.62,-49082.53,198,108,0.04,1.14,141,23,"EII","EII",110,110
