"","best_ll_s1","best_ll_s2","iter_best_s1","iter_best_s2","d_s1","d_s2","iter4sec_s1","iter4sec_s2","model_s1","model_s2","df_1","df_2"
"1",-1e+07,-1e+07,NA,NA,0,0,NA,NA,NA,NA,NA,NA
"2",-52263.88,-52387,158,196,0,0,56,62,"EII","EII",22,22
"3",-51512.66,-51703.52,56,81,0.05,0.02,1,67,"EII","EII",33,33
"4",-50777.05,-50944.31,61,90,0.1,0.03,44,80,"EII","EII",44,44
"5",-50058.95,-50387.9,69,60,0.08,0.01,54,31,"EII","EII",55,55
"6",-49745.65,-50001.35,177,70,0.03,0.02,2,1,"EII","EII",66,66
"7",-49413.17,-49716.42,164,90,0.17,0.13,13,66,"EII","EII",77,77
"8",-49147.62,-49467.51,65,59,0.09,0.9,15,57,"EII","EII",88,88
"9",-48932.99,-49255.53,24,168,0.42,0.24,7,158,"EII","EII",99,99
"10",-48750.21,-49082.74,39,191,1.39,0.54,22,53,"EII","EII",110,110
