"","best_ll_s1","best_ll_s2","iter_best_s1","iter_best_s2","d_s1","d_s2","iter4sec_s1","iter4sec_s2","model_s1","model_s2","df_1","df_2"
"1",-1e+07,-1e+07,NA,NA,0,0,NA,NA,NA,NA,NA,NA
"2",-52263.87,-52386.98,1,151,519948000.33,0,0,139,"EII","EII",22,22
"3",-51512.61,-51703.48,44,76,0.05,0.09,39,38,"EII","EII",33,33
"4",-50777.05,-50944.34,18,79,0.09,0.05,2,53,"EII","EII",44,44
"5",-50059.03,-50387.85,97,58,0.08,0.13,94,24,"EII","EII",55,55
"6",-49745.29,-50001.26,44,100,0.17,0.12,29,98,"EII","EII",66,66
"7",-49413.3,-49716.5,86,145,0.03,0.04,38,57,"EII","EII",77,77
"8",-49147.34,-49466.97,138,165,0.26,0.53,91,140,"EII","EII",88,88
"9",-48933.18,-49255.56,110,198,0.06,0.04,6,85,"EII","EII",99,99
"10",-48750.52,-49082.41,139,78,1.61,0.48,11,71,"EII","EII",110,110
