"","best_ll_s1","best_ll_s2","iter_best_s1","iter_best_s2","d_s1","d_s2","iter4sec_s1","iter4sec_s2","model_s1","model_s2","df_1","df_2"
"1",-1e+07,-1e+07,NA,NA,0,0,NA,NA,NA,NA,NA,NA
"2",-52263.88,-52386.97,16,92,0.28,0.01,7,22,"EII","EII",22,22
"3",-51512.51,-51703.53,198,68,0.1,0.11,36,38,"EII","EII",33,33
"4",-50776.95,-50944.28,19,64,0.16,0.09,10,6,"EII","EII",44,44
"5",-50059.07,-50387.76,51,116,0.03,0.11,46,62,"EII","EII",55,55
"6",-49745.17,-50001.39,29,31,0.66,0.23,17,26,"EII","EII",66,66
"7",-49413.36,-49716.55,11,7,0.08,0.78,1,6,"EII","EII",77,77
"8",-49147.68,-49467.57,107,147,0.18,0.14,28,118,"EII","EII",88,88
"9",-48932.95,-49255.71,180,161,0.07,0.13,66,75,"EII","EII",99,99
"10",-48751.6,-49082.64,28,84,1.23,0.58,3,14,"EII","EII",110,110
