"","best_ll_s1","best_ll_s2","iter_best_s1","iter_best_s2","d_s1","d_s2","iter4sec_s1","iter4sec_s2","model_s1","model_s2","df_1","df_2"
"1",-1e+07,-1e+07,NA,NA,0,0,NA,NA,NA,NA,NA,NA
"2",-52263.9,-52387,129,33,0,0.01,57,21,"EII","EII",22,22
"3",-51512.54,-51703.49,44,127,0.18,0.04,42,101,"EII","EII",33,33
"4",-50777.11,-50944.34,30,144,0.05,0.01,25,7,"EII","EII",44,44
"5",-50059.08,-50387.84,83,21,0.01,0.36,65,8,"EII","EII",55,55
"6",-49745.52,-50001.35,113,126,0.14,0.08,31,62,"EII","EII",66,66
"7",-49413.2,-49716.66,30,40,0.31,0.19,7,22,"EII","EII",77,77
"8",-49147.61,-49467.46,155,4,0.36,2.9,124,2,"EII","EII",88,88
"9",-48933.03,-49255.77,87,53,0.19,0.09,16,22,"EII","EII",99,99
"10",-48751.09,-49082.36,173,101,0.57,0.85,172,65,"EII","EII",110,110
