"","best_ll_s1","best_ll_s2","iter_best_s1","iter_best_s2","d_s1","d_s2","iter4sec_s1","iter4sec_s2","model_s1","model_s2","df_1","df_2"
"1",-1e+07,-1e+07,NA,NA,0,0,NA,NA,NA,NA,NA,NA
"2",-52263.89,-52386.97,133,60,0,0,38,21,"EII","EII",22,22
"3",-51512.67,-51703.54,190,159,0.06,0,48,72,"EII","EII",33,33
"4",-50777.1,-50944.34,97,136,0.01,0.02,15,116,"EII","EII",44,44
"5",-50058.93,-50387.91,22,18,0.14,0.01,16,12,"EII","EII",55,55
"6",-49745.43,-50001.34,167,6,0.3,0.24,22,4,"EII","EII",66,66
"7",-49413.32,-49716.6,15,123,0.44,0.09,11,70,"EII","EII",77,77
"8",-49147.9,-49467.59,115,27,0.1,0.46,18,15,"EII","EII",88,88
"9",-48933.07,-49255.71,68,190,0.07,0.01,51,14,"EII","EII",99,99
"10",-48750.71,-49082.95,79,105,0,0.57,75,83,"EII","EII",110,110
