"","best_ll_s1","best_ll_s2","iter_best_s1","iter_best_s2","d_s1","d_s2","iter4sec_s1","iter4sec_s2","model_s1","model_s2","df_1","df_2"
"1",-1e+07,-1e+07,NA,NA,0,0,NA,NA,NA,NA,NA,NA
"2",-52263.88,-52386.99,173,139,0,0,74,61,"EII","EII",22,22
"3",-51512.35,-51703.4,47,11,0.35,0.13,24,1,"EII","EII",33,33
"4",-50776.95,-50944.31,39,24,0.24,0.06,9,3,"EII","EII",44,44
"5",-50059.03,-50387.89,77,15,0.06,0.15,47,11,"EII","EII",55,55
"6",-49745.35,-50001.39,71,200,0.17,0.04,52,8,"EII","EII",66,66
"7",-49413.29,-49716.42,75,61,0.03,0.51,10,27,"EII","EII",77,77
"8",-49147.62,-49467.28,8,130,60.61,0.11,1,10,"EII","EII",88,88
"9",-48933.14,-49255.4,117,176,0.06,0.38,43,20,"EII","EII",99,99
"10",-48750.09,-49082.52,67,135,1.24,0.66,44,32,"EII","EII",110,110
