"","best_ll_s1","best_ll_s2","iter_best_s1","iter_best_s2","d_s1","d_s2","iter4sec_s1","iter4sec_s2","model_s1","model_s2","df_1","df_2"
"1",-1e+07,-1e+07,NA,NA,0,0,NA,NA,NA,NA,NA,NA
"2",-52263.88,-52387.01,76,150,0.01,0.06,25,48,"EII","EII",22,22
"3",-51512.62,-51703.49,170,194,0.06,0.01,97,3,"EII","EII",33,33
"4",-50777.07,-50944.36,135,115,0,0,135,115,"EII","EII",44,44
"5",-50059.02,-50387.9,170,30,0,0,170,60,"EII","EII",55,55
"6",-49745.33,-50001.34,198,165,0.09,0,125,165,"EII","EII",66,66
"7",-49413.18,-49716.37,115,81,0,0,115,81,"EII","EII",77,77
"8",-49147.69,-49467.68,74,96,0.3,0.07,10,55,"EII","EII",88,88
"9",-48932.91,-49255.6,39,172,0.14,0.18,7,61,"EII","EII",99,99
"10",-48750.63,-49082.42,165,17,0,0,165,17,"EII","EII",110,110
