"","best_ll_s1","best_ll_s2","iter_best_s1","iter_best_s2","d_s1","d_s2","iter4sec_s1","iter4sec_s2","model_s1","model_s2","df_1","df_2"
"1",-1e+07,-1e+07,NA,NA,0,0,NA,NA,NA,NA,NA,NA
"2",-52263.89,-52386.95,144,198,0.05,0.04,53,75,"EII","EII",22,22
"3",-51512.34,-51703.5,189,12,0.03,0.12,48,6,"EII","EII",33,33
"4",-50777.11,-50944.33,68,64,0.04,0.03,59,35,"EII","EII",44,44
"5",-50059.06,-50387.87,162,75,0.03,0,129,3,"EII","EII",55,55
"6",-49745.35,-50001.28,197,25,0.21,0.12,14,14,"EII","EII",66,66
"7",-49413.18,-49716.51,3,101,0.87,0.1,2,62,"EII","EII",77,77
"8",-49147.74,-49467.44,63,124,0.23,0.28,50,57,"EII","EII",88,88
"9",-48933.12,-49255.64,78,115,0.15,0.25,8,18,"EII","EII",99,99
"10",-48750.26,-49082.49,127,14,0.49,0.63,97,9,"EII","EII",110,110
