"","best_ll_s1","best_ll_s2","iter_best_s1","iter_best_s2","d_s1","d_s2","iter4sec_s1","iter4sec_s2","model_s1","model_s2","df_1","df_2"
"1",-1e+07,-1e+07,NA,NA,0,0,NA,NA,NA,NA,NA,NA
"2",-52263.88,-52386.96,182,157,0,0.01,167,1,"EII","EII",22,22
"3",-51512.51,-51703.4,26,50,0.19,0.17,2,44,"EII","EII",33,33
"4",-50777.02,-50944.27,87,171,0.09,0.07,59,26,"EII","EII",44,44
"5",-50059.08,-50387.88,124,68,0.02,0.02,55,7,"EII","EII",55,55
"6",-49745.47,-50001.31,86,143,0.41,0.09,7,108,"EII","EII",66,66
"7",-49413.36,-49716.5,46,41,0.06,0.16,38,25,"EII","EII",77,77
"8",-49147.71,-49467.48,90,38,0.3,0.26,38,6,"EII","EII",88,88
"9",-48933.02,-49255.8,1,85,479960099.86,0.22,0,69,"EII","EII",99,99
"10",-48750.88,-49082.63,125,115,0.31,0.91,119,107,"EII","EII",110,110
