"","best_ll_s1","best_ll_s2","iter_best_s1","iter_best_s2","d_s1","d_s2","iter4sec_s1","iter4sec_s2","model_s1","model_s2","df_1","df_2"
"1",-1e+07,-1e+07,NA,NA,0,0,NA,NA,NA,NA,NA,NA
"2",-52263.88,-52386.96,158,197,0,0.01,56,93,"EII","EII",22,22
"3",-51512.47,-51703.55,15,159,0.35,0.01,6,112,"EII","EII",33,33
"4",-50777.02,-50944.35,68,66,0.11,0.01,45,10,"EII","EII",44,44
"5",-50059.01,-50387.88,81,58,0.02,0.01,47,46,"EII","EII",55,55
"6",-49745.42,-50001.38,49,39,0.2,0.16,44,29,"EII","EII",66,66
"7",-49413.13,-49716.41,144,76,0.36,0.03,64,21,"EII","EII",77,77
"8",-49147.38,-49467.43,61,22,0.59,0.44,27,18,"EII","EII",88,88
"9",-48932.62,-49255.54,91,55,0.47,1.03,9,30,"EII","EII",99,99
"10",-48751.14,-49082.9,66,167,1.06,0.21,35,67,"EII","EII",110,110
