"","best_ll_s1","best_ll_s2","iter_best_s1","iter_best_s2","d_s1","d_s2","iter4sec_s1","iter4sec_s2","model_s1","model_s2","df_1","df_2"
"1",-1e+07,-1e+07,NA,NA,0,0,NA,NA,NA,NA,NA,NA
"2",-52263.87,-52386.97,69,21,0.1,0.03,8,3,"EII","EII",22,22
"3",-51512.2,-51703.37,126,120,0.4,0.1,105,32,"EII","EII",33,33
"4",-50776.96,-50944.31,66,80,0.12,0.03,22,51,"EII","EII",44,44
"5",-50059.09,-50387.91,32,119,0.02,0.01,28,43,"EII","EII",55,55
"6",-49745.58,-50001.39,60,151,0.11,0.01,43,32,"EII","EII",66,66
"7",-49413.08,-49716.53,146,94,0.02,0.06,59,81,"EII","EII",77,77
"8",-49147.57,-49467.28,84,53,0.08,0.61,1,29,"EII","EII",88,88
"9",-48933.25,-49255.82,172,12,0.06,0.12,33,9,"EII","EII",99,99
"10",-48751.23,-49083.38,116,158,0.71,0.42,97,49,"EII","EII",110,110
