"","best_ll_s1","best_ll_s2","iter_best_s1","iter_best_s2","d_s1","d_s2","iter4sec_s1","iter4sec_s2","model_s1","model_s2","df_1","df_2"
"1",-1e+07,-1e+07,NA,NA,0,0,NA,NA,NA,NA,NA,NA
"2",-52263.87,-52386.95,24,56,0.03,0.01,23,6,"EII","EII",22,22
"3",-51512.64,-51703.44,160,179,0.01,0.11,63,43,"EII","EII",33,33
"4",-50777.07,-50944.32,190,142,0.01,0.03,123,31,"EII","EII",44,44
"5",-50059.03,-50387.88,21,89,0.07,0.04,1,65,"EII","EII",55,55
"6",-49745.39,-50001.3,34,141,0.5,0.11,18,85,"EII","EII",66,66
"7",-49413.15,-49716.68,90,22,0.08,0.56,64,12,"EII","EII",77,77
"8",-49147.94,-49467.44,41,151,0.11,0.11,29,129,"EII","EII",88,88
"9",-48932.95,-49255.7,57,129,0.35,0.24,33,93,"EII","EII",99,99
"10",-48750.83,-49082.41,5,22,0.48,22.95,3,11,"EII","EII",110,110
