"","best_ll_s1","best_ll_s2","iter_best_s1","iter_best_s2","d_s1","d_s2","iter4sec_s1","iter4sec_s2","model_s1","model_s2","df_1","df_2"
"1",-1e+07,-1e+07,NA,NA,0,0,NA,NA,NA,NA,NA,NA
"2",-52263.87,-52386.97,157,61,0.02,0.1,83,26,"EII","EII",22,22
"3",-51512.67,-51703.47,4,15,0.47,0.1,2,5,"EII","EII",33,33
"4",-50776.95,-50944.35,16,112,0.21,0.01,4,95,"EII","EII",44,44
"5",-50059.01,-50387.86,126,23,0.1,0.25,99,17,"EII","EII",55,55
"6",-49745.4,-50001.4,98,41,0.14,0.05,88,22,"EII","EII",66,66
"7",-49413.08,-49716.45,6,175,0.4,0.07,2,121,"EII","EII",77,77
"8",-49147.63,-49467.47,102,83,0.2,0.02,71,28,"EII","EII",88,88
"9",-48932.77,-49255.46,6,178,0.52,0.32,5,169,"EII","EII",99,99
"10",-48750.51,-49082.76,80,67,0.41,0.63,42,49,"EII","EII",110,110
