"","best_ll_s1","best_ll_s2","iter_best_s1","iter_best_s2","d_s1","d_s2","iter4sec_s1","iter4sec_s2","model_s1","model_s2","df_1","df_2"
"1",-1e+07,-1e+07,NA,NA,0,0,NA,NA,NA,NA,NA,NA
"2",-52263.87,-52386.96,42,3,0.04,0.36,18,2,"EII","EII",22,22
"3",-51512.58,-51703.54,145,192,0.03,0.01,61,144,"EII","EII",33,33
"4",-50777,-50944.35,66,193,0.1,0,54,35,"EII","EII",44,44
"5",-50059.03,-50387.8,7,158,0.06,0.08,3,49,"EII","EII",55,55
"6",-49745.52,-50001.28,179,170,0.03,0,161,156,"EII","EII",66,66
"7",-49413.01,-49716.59,29,79,0.11,0.01,23,21,"EII","EII",77,77
"8",-49147.55,-49467.44,124,21,0.17,0.33,3,3,"EII","EII",88,88
"9",-48932.61,-49255.67,56,170,0.47,0.35,30,52,"EII","EII",99,99
"10",-48750.64,-49083.32,105,50,0.28,0.26,60,32,"EII","EII",110,110
