"","best_ll_s1","best_ll_s2","iter_best_s1","iter_best_s2","d_s1","d_s2","iter4sec_s1","iter4sec_s2","model_s1","model_s2","df_1","df_2"
"1",-1e+07,-1e+07,NA,NA,0,0,NA,NA,NA,NA,NA,NA
"2",-52263.89,-52386.94,198,66,0.01,0.1,21,28,"EII","EII",22,22
"3",-51512.47,-51703.48,31,116,0.37,0.04,8,10,"EII","EII",33,33
"4",-50777.09,-50944.23,42,123,0.04,0.12,4,60,"EII","EII",44,44
"5",-50059.03,-50387.88,66,117,0.03,0.01,14,50,"EII","EII",55,55
"6",-49745.54,-50001.41,191,18,0.04,0.09,30,12,"EII","EII",66,66
"7",-49412.93,-49716.54,34,94,0.49,0.05,12,14,"EII","EII",77,77
"8",-49147.43,-49467.52,6,158,12.95,0.14,2,122,"EII","EII",88,88
"9",-48932.9,-49255.75,184,30,0.11,0.07,147,5,"EII","EII",99,99
"10",-48750.24,-49082.81,125,70,0.79,0.7,33,58,"EII","EII",110,110
