"","best_ll_s1","best_ll_s2","iter_best_s1","iter_best_s2","d_s1","d_s2","iter4sec_s1","iter4sec_s2","model_s1","model_s2","df_1","df_2"
"1",-1e+07,-1e+07,NA,NA,0,0,NA,NA,NA,NA,NA,NA
"2",-52263.87,-52386.96,113,86,0.01,0.01,33,4,"EII","EII",22,22
"3",-51512.62,-51703.49,167,109,0.08,0.11,114,91,"EII","EII",33,33
"4",-50776.93,-50944.29,147,134,0.17,0.02,116,123,"EII","EII",44,44
"5",-50058.91,-50387.83,136,78,0.08,0.07,94,21,"EII","EII",55,55
"6",-49745.45,-50001.42,4,166,0.28,0.01,3,33,"EII","EII",66,66
"7",-49413.18,-49716.48,161,67,0.09,0.08,34,22,"EII","EII",77,77
"8",-49147.82,-49467.51,133,141,0.09,0.09,119,70,"EII","EII",88,88
"9",-48932.82,-49255.62,120,165,0.58,0.45,73,9,"EII","EII",99,99
"10",-48751.19,-49082.98,77,59,0.11,0.47,10,46,"EII","EII",110,110
