"","best_ll_s1","best_ll_s2","iter_best_s1","iter_best_s2","d_s1","d_s2","iter4sec_s1","iter4sec_s2","model_s1","model_s2","df_1","df_2"
"1",-1e+07,-1e+07,NA,NA,0,0,NA,NA,NA,NA,NA,NA
"2",-52263.89,-52386.96,187,86,0.01,0.02,72,78,"EII","EII",22,22
"3",-51512.58,-51703.38,88,146,0.13,0.11,15,131,"EII","EII",33,33
"4",-50777.08,-50944.31,128,195,0.06,0.03,103,176,"EII","EII",44,44
"5",-50059,-50387.88,57,74,0.17,0.05,44,1,"EII","EII",55,55
"6",-49745.45,-50001.4,184,195,0.1,0,32,93,"EII","EII",66,66
"7",-49413,-49716.42,33,180,0.53,0.21,8,116,"EII","EII",77,77
"8",-49147.85,-49467.28,46,13,0.01,0.69,1,4,"EII","EII",88,88
"9",-48932.58,-49255.23,83,181,0.45,0.05,36,115,"EII","EII",99,99
"10",-48750.69,-49082.89,36,153,0.5,0.02,30,19,"EII","EII",110,110
