"","best_ll_s1","best_ll_s2","iter_best_s1","iter_best_s2","d_s1","d_s2","iter4sec_s1","iter4sec_s2","model_s1","model_s2","df_1","df_2"
"1",-1e+07,-1e+07,NA,NA,0,0,NA,NA,NA,NA,NA,NA
"2",-52263.9,-52386.98,47,118,0,0,37,106,"EII","EII",22,22
"3",-51512.6,-51703.53,142,1,0.16,50949000.11,44,0,"EII","EII",33,33
"4",-50777.11,-50944.32,134,150,0.01,0.03,107,81,"EII","EII",44,44
"5",-50059.02,-50387.84,176,100,0.07,0.02,44,88,"EII","EII",55,55
"6",-49745.57,-50001.37,180,54,0.06,0.13,176,13,"EII","EII",66,66
"7",-49413.1,-49716.48,64,100,0.1,0.24,19,45,"EII","EII",77,77
"8",-49147.47,-49467.22,88,9,0.52,0.6,64,7,"EII","EII",88,88
"9",-48933.11,-49255.45,62,99,0.14,0.1,33,18,"EII","EII",99,99
"10",-48750.9,-49082.51,200,122,0.02,0.57,150,114,"EII","EII",110,110
