"","best_ll_s1","best_ll_s2","iter_best_s1","iter_best_s2","d_s1","d_s2","iter4sec_s1","iter4sec_s2","model_s1","model_s2","df_1","df_2"
"1",-1e+07,-1e+07,NA,NA,0,0,NA,NA,NA,NA,NA,NA
"2",-52263.87,-52386.99,98,24,0.06,0.13,9,9,"EII","EII",22,22
"3",-51512.38,-51703.56,116,7,0.29,0.07,105,2,"EII","EII",33,33
"4",-50777.07,-50944.3,84,146,0.09,0.05,65,8,"EII","EII",44,44
"5",-50059.01,-50387.89,177,195,0.09,0,104,96,"EII","EII",55,55
"6",-49745.43,-50001.24,59,106,0.61,0.18,30,104,"EII","EII",66,66
"7",-49413.19,-490070020.02,109,0,0.16,50,16,1,"EII","EII",77,77
"8",-4000091048.23,-490000468.71,0,0,590.39,100.69,1,1,"EII","EII",88,88
"9",-480009032.88,-490000256.29,0,0,200.11,604.68,1,1,"EII","EII",99,99
"10",-400800807.6,-400090167.26,0,0,50,50,1,1,"EII","EII",110,110
