"","best_ll_s1","best_ll_s2","iter_best_s1","iter_best_s2","d_s1","d_s2","iter4sec_s1","iter4sec_s2","model_s1","model_s2","df_1","df_2"
"1",-1e+07,-1e+07,NA,NA,0,0,NA,NA,NA,NA,NA,NA
"2",-52263.87,-52386.98,21,101,0.09,0,2,7,"EII","EII",22,22
"3",-51512.32,-51703.51,50,191,0.5,0.01,38,126,"EII","EII",33,33
"4",-50777.08,-50944.27,130,89,0.03,0.06,24,75,"EII","EII",44,44
"5",-50059.06,-50387.82,52,180,0.04,0.1,19,116,"EII","EII",55,55
"6",-49745.2,-50001.39,196,157,0.24,0.07,53,27,"EII","EII",66,66
"7",-49413.09,-49716.46,112,195,0.12,0.07,30,185,"EII","EII",77,77
"8",-49147.74,-49467.74,68,159,0.01,0,39,125,"EII","EII",88,88
"9",-48932.86,-49255.62,149,124,0.36,0.08,106,56,"EII","EII",99,99
"10",-48750.82,-49082.66,79,189,1.82,0.29,51,107,"EII","EII",110,110
