"","best_ll_s1","best_ll_s2","iter_best_s1","iter_best_s2","d_s1","d_s2","iter4sec_s1","iter4sec_s2","model_s1","model_s2","df_1","df_2"
"1",-1e+07,-1e+07,NA,NA,0,0,NA,NA,NA,NA,NA,NA
"2",-52263.88,-52386.98,138,86,0.01,0.04,72,72,"EII","EII",22,22
"3",-51512.56,-51703.52,135,139,0.01,0.03,23,49,"EII","EII",33,33
"4",-50777.02,-50944.29,161,5,0.05,0.38,156,1,"EII","EII",44,44
"5",-50059.05,-50387.87,6,194,0.25,0.03,1,163,"EII","EII",55,55
"6",-49745.56,-50001.24,63,188,0.08,0.12,5,39,"EII","EII",66,66
"7",-49413.14,-49716.51,68,104,0.07,0.17,10,70,"EII","EII",77,77
"8",-49147.66,-49467.52,137,32,0.17,0.64,9,29,"EII","EII",88,88
"9",-48932.94,-49255.7,35,41,0.31,0.68,31,37,"EII","EII",99,99
"10",-48750.78,-49082.53,119,26,0.53,0.91,103,3,"EII","EII",110,110
