"","best_ll_s1","best_ll_s2","iter_best_s1","iter_best_s2","d_s1","d_s2","iter4sec_s1","iter4sec_s2","model_s1","model_s2","df_1","df_2"
"1",-1e+07,-1e+07,NA,NA,0,0,NA,NA,NA,NA,NA,NA
"2",-52263.88,-52386.98,93,175,0.04,0.01,71,93,"EII","EII",22,22
"3",-51512.28,-51703.55,12,153,0.39,0.01,9,98,"EII","EII",33,33
"4",-50777.03,-50944.34,16,101,0.04,0.02,4,65,"EII","EII",44,44
"5",-50058.95,-50387.89,146,75,0.06,0.04,54,21,"EII","EII",55,55
"6",-49745.49,-50001.25,34,16,0.55,0.26,28,15,"EII","EII",66,66
"7",-49413.44,-49716.52,146,156,0.1,0.07,17,90,"EII","EII",77,77
"8",-49147.41,-49467.3,79,63,0.23,0.38,8,30,"EII","EII",88,88
"9",-48932.62,-49255.3,21,199,2.07,0.32,19,22,"EII","EII",99,99
"10",-48750.79,-49082.42,199,181,0.01,0.14,198,114,"EII","EII",110,110
