"","best_ll_s1","best_ll_s2","iter_best_s1","iter_best_s2","d_s1","d_s2","iter4sec_s1","iter4sec_s2","model_s1","model_s2","df_1","df_2"
"1",-1e+07,-1e+07,NA,NA,0,0,NA,NA,NA,NA,NA,NA
"2",-52263.88,-52386.96,104,183,0,0,103,119,"EII","EII",22,22
"3",-51512.65,-51703.4,187,21,0.04,0.17,14,13,"EII","EII",33,33
"4",-50777.03,-50944.34,23,120,0.07,0.02,13,89,"EII","EII",44,44
"5",-50058.97,-50387.9,177,6,0.01,0.11,154,1,"EII","EII",55,55
"6",-49745.51,-50001.37,177,87,0.04,0.1,134,2,"EII","EII",66,66
"7",-49413.21,-49716.67,189,14,0.11,0.17,142,10,"EII","EII",77,77
"8",-49147.83,-49467.48,177,28,0.07,2.3,143,22,"EII","EII",88,88
"9",-48932.86,-49255.79,94,172,0.18,0.01,78,1,"EII","EII",99,99
"10",-48750.15,-49082.65,167,168,0.5,0.77,53,1,"EII","EII",110,110
