"","best_ll_s1","best_ll_s2","iter_best_s1","iter_best_s2","d_s1","d_s2","iter4sec_s1","iter4sec_s2","model_s1","model_s2","df_1","df_2"
"1",-1e+07,-1e+07,NA,NA,0,0,NA,NA,NA,NA,NA,NA
"2",-52263.88,-52386.98,4,197,0.31,0,1,19,"EII","EII",22,22
"3",-51512.72,-51703.54,54,122,0.05,0.01,1,9,"EII","EII",33,33
"4",-50777.12,-50944.35,27,15,0.01,0.01,15,8,"EII","EII",44,44
"5",-50058.91,-50387.82,117,106,0.19,0,46,28,"EII","EII",55,55
"6",-49745.33,-50001.33,60,88,0.53,0.04,57,75,"EII","EII",66,66
"7",-49413.38,-49716.4,167,56,0.03,0.12,125,36,"EII","EII",77,77
"8",-49147.59,-49467.37,98,34,0.26,0.53,7,7,"EII","EII",88,88
"9",-48932.71,-49255.71,161,157,0.29,0.09,72,96,"EII","EII",99,99
"10",-48750.3,-49083.04,65,25,0.94,1.03,27,19,"EII","EII",110,110
