"","best_ll_s1","best_ll_s2","iter_best_s1","iter_best_s2","d_s1","d_s2","iter4sec_s1","iter4sec_s2","model_s1","model_s2","df_1","df_2"
"1",-1e+07,-1e+07,NA,NA,0,0,NA,NA,NA,NA,NA,NA
"2",-52263.89,-52386.95,170,111,0.01,0.01,83,95,"EII","EII",22,22
"3",-51512.54,-51703.47,20,137,0.57,0.05,16,62,"EII","EII",33,33
"4",-50777.06,-50944.34,38,27,0,0.01,1,17,"EII","EII",44,44
"5",-50059.08,-50387.9,92,6,0.01,0.04,28,1,"EII","EII",55,55
"6",-49745.42,-50001.41,70,54,0.1,0.04,61,42,"EII","EII",66,66
"7",-49412.95,-49716.69,119,101,0.25,0.08,100,8,"EII","EII",77,77
"8",-49147.6,-49467.62,169,43,0.03,0.14,31,9,"EII","EII",88,88
"9",-48933.08,-49255.7,21,195,1.34,0.28,10,122,"EII","EII",99,99
"10",-48750.54,-49082.8,66,69,0.79,0.63,46,20,"EII","EII",110,110
