"","best_ll_s1","best_ll_s2","iter_best_s1","iter_best_s2","d_s1","d_s2","iter4sec_s1","iter4sec_s2","model_s1","model_s2","df_1","df_2"
"1",-1e+07,-1e+07,NA,NA,0,0,NA,NA,NA,NA,NA,NA
"2",-52263.88,-52386.97,177,174,0.01,0.02,115,157,"EII","EII",22,22
"3",-51512.51,-51703.49,148,152,0.18,0.03,105,104,"EII","EII",33,33
"4",-50777.1,-50944.3,13,110,0.24,0.05,12,76,"EII","EII",44,44
"5",-50059.03,-50387.88,94,79,0.06,0.02,82,52,"EII","EII",55,55
"6",-49745.36,-50001.35,63,30,0.42,0.11,16,17,"EII","EII",66,66
"7",-49413.12,-49716.66,131,73,0.4,0.12,106,23,"EII","EII",77,77
"8",-49147.78,-49467.93,105,12,0.01,1.76,88,5,"EII","EII",88,88
"9",-48932.87,-49255.66,14,196,0.89,0.09,6,186,"EII","EII",99,99
"10",-48750.81,-49082.57,171,104,0.19,0.29,66,12,"EII","EII",110,110
