"","best_ll_s1","best_ll_s2","iter_best_s1","iter_best_s2","d_s1","d_s2","iter4sec_s1","iter4sec_s2","model_s1","model_s2","df_1","df_2"
"1",-1e+07,-1e+07,NA,NA,0,0,NA,NA,NA,NA,NA,NA
"2",-52263.89,-52386.96,6,143,0.28,0.01,3,120,"EII","EII",22,22
"3",-51512.71,-51703.54,72,11,0.09,0.11,3,2,"EII","EII",33,33
"4",-50777.01,-50944.33,197,29,0.08,0.07,67,16,"EII","EII",44,44
"5",-50059,-50387.87,93,56,0.07,0.03,85,24,"EII","EII",55,55
"6",-49745.46,-50001.25,86,121,0.16,0.06,71,103,"EII","EII",66,66
"7",-49413.12,-49716.4,77,130,0.45,0.2,67,68,"EII","EII",77,77
"8",-49147.82,-49467.57,36,101,0.14,0.14,1,40,"EII","EII",88,88
"9",-48933.19,-49255.7,119,15,0.18,66.69,67,13,"EII","EII",99,99
"10",-48750.88,-49083.14,184,178,0.28,0.28,27,132,"EII","EII",110,110
