"","best_ll_s1","best_ll_s2","iter_best_s1","iter_best_s2","d_s1","d_s2","iter4sec_s1","iter4sec_s2","model_s1","model_s2","df_1","df_2"
"1",-1e+07,-1e+07,NA,NA,0,0,NA,NA,NA,NA,NA,NA
"2",-52263.87,-52386.97,176,53,0,0.02,176,6,"EII","EII",22,22
"3",-51512.67,-51703.46,120,161,0.09,0.05,38,154,"EII","EII",33,33
"4",-50777.05,-50944.34,82,174,0.07,0,9,174,"EII","EII",44,44
"5",-50059.08,-50387.91,25,182,0.11,0,22,170,"EII","EII",55,55
"6",-49745.53,-50001.36,56,77,0.16,0,52,77,"EII","EII",66,66
"7",-49413.06,-49716.27,83,2,0,0.23,108,1,"EII","EII",77,77
"8",-49147.51,-49467.49,60,56,0.45,0.07,55,48,"EII","EII",88,88
"9",-48933.19,-49255.89,168,19,0,0.9,168,6,"EII","EII",99,99
"10",-48750.5,-49083.13,27,89,0,0.01,27,15,"EII","EII",110,110
