"","best_ll_s1","best_ll_s2","iter_best_s1","iter_best_s2","d_s1","d_s2","iter4sec_s1","iter4sec_s2","model_s1","model_s2","df_1","df_2"
"1",-1e+07,-1e+07,NA,NA,0,0,NA,NA,NA,NA,NA,NA
"2",-52263.87,-52386.95,81,7,0.02,0.35,10,5,"EII","EII",22,22
"3",-51512.59,-51703.55,57,196,0.14,0.01,43,129,"EII","EII",33,33
"4",-50776.95,-50944.34,20,183,0.16,0.02,4,21,"EII","EII",44,44
"5",-50058.97,-50387.86,101,90,0.09,0.03,6,30,"EII","EII",55,55
"6",-49745.52,-50001.38,78,182,0.14,0.02,15,109,"EII","EII",66,66
"7",-49413.31,-49716.47,63,58,0.12,0.34,14,25,"EII","EII",77,77
"8",-49147.6,-49467.64,114,4,0.15,1.91,41,2,"EII","EII",88,88
"9",-48933.11,-49255.42,196,125,0.14,0.18,98,50,"EII","EII",99,99
"10",-48750.24,-49082.73,113,96,1.06,0.53,108,62,"EII","EII",110,110
