"","best_ll_s1","best_ll_s2","iter_best_s1","iter_best_s2","d_s1","d_s2","iter4sec_s1","iter4sec_s2","model_s1","model_s2","df_1","df_2"
"1",-1e+07,-1e+07,NA,NA,0,0,NA,NA,NA,NA,NA,NA
"2",-52263.88,-52386.96,108,186,0.01,0.01,27,67,"EII","EII",22,22
"3",-51512.67,-51703.48,20,5,0.05,0,5,1,"EII","EII",33,33
"4",-50776.94,-50944.33,37,97,0.18,0.02,5,6,"EII","EII",44,44
"5",-50059,-50387.89,66,104,0.02,0.03,51,102,"EII","EII",55,55
"6",-49745.46,-50001.35,174,168,0.22,0.05,171,87,"EII","EII",66,66
"7",-49413.21,-49716.61,30,182,0.83,0.01,25,69,"EII","EII",77,77
"8",-49147.62,-49467.47,81,184,0.22,0.26,31,130,"EII","EII",88,88
"9",-48932.86,-49255.66,154,61,0.11,0.68,115,51,"EII","EII",99,99
"10",-48750.57,-49082.62,103,134,0.09,0.44,49,69,"EII","EII",110,110
