"","best_ll_s1","best_ll_s2","iter_best_s1","iter_best_s2","d_s1","d_s2","iter4sec_s1","iter4sec_s2","model_s1","model_s2","df_1","df_2"
"1",-1e+07,-1e+07,NA,NA,0,0,NA,NA,NA,NA,NA,NA
"2",-52263.9,-52386.97,151,106,0.02,0.02,121,40,"EII","EII",22,22
"3",-51512.62,-51703.49,163,166,0.06,0.07,103,90,"EII","EII",33,33
"4",-50777.06,-50944.28,81,99,0.03,0.05,69,8,"EII","EII",44,44
"5",-50058.97,-50387.9,125,112,0.12,0.07,67,86,"EII","EII",55,55
"6",-49745.36,-50001.29,198,61,0.13,0.03,103,3,"EII","EII",66,66
"7",-49413.21,-49716.7,120,92,0.05,0.05,76,41,"EII","EII",77,77
"8",-49147.87,-49467.53,133,29,0.15,0.36,101,15,"EII","EII",88,88
"9",-48933.3,-49255.35,128,181,0.06,0.39,15,147,"EII","EII",99,99
"10",-48751.54,-49082.53,157,156,0.07,0.36,134,154,"EII","EII",110,110
