"","best_ll_s1","best_ll_s2","iter_best_s1","iter_best_s2","d_s1","d_s2","iter4sec_s1","iter4sec_s2","model_s1","model_s2","df_1","df_2"
"1",-1e+07,-1e+07,NA,NA,0,0,NA,NA,NA,NA,NA,NA
"2",-52263.88,-52386.96,195,166,0.01,0.04,135,69,"EII","EII",22,22
"3",-51512.58,-51703.47,75,5,0.05,0.22,26,1,"EII","EII",33,33
"4",-50777.01,-50944.33,47,163,0.08,0.02,13,60,"EII","EII",44,44
"5",-50058.93,-50387.87,27,8,0.12,0.14,12,4,"EII","EII",55,55
"6",-49745.43,-50001.37,23,193,0.1,0.06,5,141,"EII","EII",66,66
"7",-49413.25,-49716.33,71,74,0.09,0.24,26,27,"EII","EII",77,77
"8",-49147.77,-49467.5,130,173,0.13,0.13,99,66,"EII","EII",88,88
"9",-48933,-49255.85,128,103,0.21,0.09,51,73,"EII","EII",99,99
"10",-48751.34,-49082.76,95,157,0.77,0.4,87,17,"EII","EII",110,110
