"","best_ll_s1","best_ll_s2","iter_best_s1","iter_best_s2","d_s1","d_s2","iter4sec_s1","iter4sec_s2","model_s1","model_s2","df_1","df_2"
"1",-1e+07,-1e+07,NA,NA,0,0,NA,NA,NA,NA,NA,NA
"2",-52263.87,-52386.95,79,182,0.04,0.03,30,136,"EII","EII",22,22
"3",-51512.42,-51703.46,15,184,0.51,0.06,4,58,"EII","EII",33,33
"4",-50777.06,-50944.31,107,91,0.06,0.05,72,78,"EII","EII",44,44
"5",-50059.1,-50387.92,18,67,0.04,0.09,11,23,"EII","EII",55,55
"6",-49745.26,-50001.31,76,159,0.38,0.05,26,123,"EII","EII",66,66
"7",-49413.14,-49716.65,150,3,0.07,0.21,87,1,"EII","EII",77,77
"8",-49147.43,-49467.53,153,159,0.1,0.03,150,37,"EII","EII",88,88
"9",-48932.49,-49255.69,186,130,0.52,0.26,27,126,"EII","EII",99,99
"10",-48750.67,-49082.91,104,34,0.1,0.18,100,17,"EII","EII",110,110
