"","best_ll_s1","best_ll_s2","iter_best_s1","iter_best_s2","d_s1","d_s2","iter4sec_s1","iter4sec_s2","model_s1","model_s2","df_1","df_2"
"1",-1e+07,-1e+07,NA,NA,0,0,NA,NA,NA,NA,NA,NA
"2",-52263.87,-52386.97,137,94,0.02,0.04,128,86,"EII","EII",22,22
"3",-51512.46,-51703.51,53,30,0.35,0.18,10,5,"EII","EII",33,33
"4",-50777.1,-50944.29,105,158,0.02,0.07,77,90,"EII","EII",44,44
"5",-50058.95,-50387.87,13,162,0.16,0.01,12,29,"EII","EII",55,55
"6",-49745.32,-50001.25,20,54,0.34,0.12,2,15,"EII","EII",66,66
"7",-49413.23,-49716.26,124,76,0.13,0.45,23,19,"EII","EII",77,77
"8",-49147.59,-49467.43,79,173,0.2,0.25,16,159,"EII","EII",88,88
"9",-48932.69,-49255.67,69,166,0.42,0.19,5,127,"EII","EII",99,99
"10",-48750.74,-49082.47,144,198,0.01,0.17,19,31,"EII","EII",110,110
