"","best_ll_s1","best_ll_s2","iter_best_s1","iter_best_s2","d_s1","d_s2","iter4sec_s1","iter4sec_s2","model_s1","model_s2","df_1","df_2"
"1",-1e+07,-1e+07,NA,NA,0,0,NA,NA,NA,NA,NA,NA
"2",-52263.9,-52386.97,16,199,0.09,0,8,14,"EII","EII",22,22
"3",-51512.46,-51703.53,161,80,0.26,0.01,44,54,"EII","EII",33,33
"4",-50777.09,-50944.24,40,26,0.03,0.13,2,8,"EII","EII",44,44
"5",-50059.07,-50387.86,138,13,0,0.07,12,3,"EII","EII",55,55
"6",-49745.44,-50001.38,165,93,0.18,0.07,96,30,"EII","EII",66,66
"7",-49413.19,-49716.43,114,121,0.04,0.06,29,118,"EII","EII",77,77
"8",-49147.53,-49467.6,40,110,0.45,0.06,29,2,"EII","EII",88,88
"9",-48933.04,-49255.73,70,31,0.12,1.5,54,12,"EII","EII",99,99
"10",-48750.28,-49082.8,158,167,0.92,0.47,99,160,"EII","EII",110,110
