"","best_ll_s1","best_ll_s2","iter_best_s1","iter_best_s2","d_s1","d_s2","iter4sec_s1","iter4sec_s2","model_s1","model_s2","df_1","df_2"
"1",-1e+07,-1e+07,NA,NA,0,0,NA,NA,NA,NA,NA,NA
"2",-52263.86,-52386.95,54,117,0.06,0.02,27,17,"EII","EII",22,22
"3",-51512.52,-51703.49,172,68,0.2,0.15,104,23,"EII","EII",33,33
"4",-50777.03,-50944.35,137,51,0,0.01,87,33,"EII","EII",44,44
"5",-50059.01,-50387.9,94,26,0.09,0.04,85,17,"EII","EII",55,55
"6",-49745.34,-50001.38,163,184,0.23,0.05,141,24,"EII","EII",66,66
"7",-49413.13,-49716.42,180,89,0.1,0.33,3,31,"EII","EII",77,77
"8",-49147.43,-49467.6,200,81,0.22,0.33,3,66,"EII","EII",88,88
"9",-48932.9,-49255.81,36,54,1.29,0.38,13,52,"EII","EII",99,99
"10",-48751.12,-49082.82,80,158,1.1,0.13,45,120,"EII","EII",110,110
