"","best_ll_s1","best_ll_s2","iter_best_s1","iter_best_s2","d_s1","d_s2","iter4sec_s1","iter4sec_s2","model_s1","model_s2","df_1","df_2"
"1",-1e+07,-1e+07,NA,NA,0,0,NA,NA,NA,NA,NA,NA
"2",-52263.9,-52386.97,52,192,0.01,0.02,22,160,"EII","EII",22,22
"3",-51512.53,-51703.45,114,76,0.23,0.11,81,5,"EII","EII",33,33
"4",-50777.06,-50944.34,43,194,0.07,0.01,9,164,"EII","EII",44,44
"5",-50058.94,-50387.86,198,164,0.11,0.03,81,114,"EII","EII",55,55
"6",-49745.45,-50001.35,42,13,0.2,0.13,22,12,"EII","EII",66,66
"7",-49413.08,-49716.43,47,17,0.36,0.16,26,3,"EII","EII",77,77
"8",-49147.37,-49467.29,2,137,104.19,0.15,1,32,"EII","EII",88,88
"9",-48933.11,-49255.77,62,42,0.88,0.45,2,39,"EII","EII",99,99
"10",-48751.22,-49082.57,25,158,0.44,0.33,13,131,"EII","EII",110,110
