"","best_ll_s1","best_ll_s2","iter_best_s1","iter_best_s2","d_s1","d_s2","iter4sec_s1","iter4sec_s2","model_s1","model_s2","df_1","df_2"
"1",-1e+07,-1e+07,NA,NA,0,0,NA,NA,NA,NA,NA,NA
"2",-52263.91,-52386.95,127,195,0.02,0.04,104,131,"EII","EII",22,22
"3",-51512.38,-51703.51,146,182,0.24,0.02,96,161,"EII","EII",33,33
"4",-50777.05,-50944.33,112,63,0.07,0.01,50,9,"EII","EII",44,44
"5",-50059.01,-50387.87,65,63,0.11,0.02,25,28,"EII","EII",55,55
"6",-49745.45,-50001.41,98,111,0.19,0,38,96,"EII","EII",66,66
"7",-49413.2,-49716.57,106,181,0.27,0.11,77,107,"EII","EII",77,77
"8",-49147.41,-49467.6,136,109,0.58,0.1,84,103,"EII","EII",88,88
"9",-48932.83,-49255.57,12,42,1.23,0.62,10,5,"EII","EII",99,99
"10",-48750.77,-49082.47,40,199,0.33,0.54,5,122,"EII","EII",110,110
