"","best_ll_s1","best_ll_s2","iter_best_s1","iter_best_s2","d_s1","d_s2","iter4sec_s1","iter4sec_s2","model_s1","model_s2","df_1","df_2"
"1",-1e+07,-1e+07,NA,NA,0,0,NA,NA,NA,NA,NA,NA
"2",-52263.93,-52386.99,122,98,0,0.03,117,8,"EII","EII",22,22
"3",-51512.65,-51703.45,37,82,0.26,0.08,32,22,"EII","EII",33,33
"4",-50777.08,-50944.36,9,57,0.04,0,5,40,"EII","EII",44,44
"5",-50059.07,-50387.88,15,112,0.19,0,5,28,"EII","EII",55,55
"6",-49745.57,-50001.33,164,142,0.05,0.07,22,22,"EII","EII",66,66
"7",-49413.07,-49716.95,37,23,0.35,0,14,6,"EII","EII",77,77
"8",-49147.6,-49467.59,50,190,0.41,0,36,16,"EII","EII",88,88
"9",-48932.82,-49255.48,27,150,0.6,0.18,21,77,"EII","EII",99,99
"10",-48750.7,-49082.8,172,190,0.41,0.17,143,105,"EII","EII",110,110
