"","best_ll_s1","best_ll_s2","iter_best_s1","iter_best_s2","d_s1","d_s2","iter4sec_s1","iter4sec_s2","model_s1","model_s2","df_1","df_2"
"1",-1e+07,-1e+07,NA,NA,0,0,NA,NA,NA,NA,NA,NA
"2",-52263.89,-52386.98,100,118,0.01,0.02,96,18,"EII","EII",22,22
"3",-51512.62,-51703.51,48,180,0.25,0.01,36,57,"EII","EII",33,33
"4",-50777.01,-50944.35,56,49,0.18,0.03,23,43,"EII","EII",44,44
"5",-50058.91,-50387.9,61,73,0.2,0.01,6,40,"EII","EII",55,55
"6",-49745.6,-50001.46,59,74,0.1,0.14,2,50,"EII","EII",66,66
"7",-49413.32,-49716.35,80,91,0.3,0.13,35,36,"EII","EII",77,77
"8",-49147.69,-49467.66,136,126,0.04,0.14,17,35,"EII","EII",88,88
"9",-48933.34,-49255.96,5,44,1.48,0.22,1,40,"EII","EII",99,99
"10",-48751.13,-49082.68,167,193,0.52,0.57,49,167,"EII","EII",110,110
