"","best_ll_s1","best_ll_s2","iter_best_s1","iter_best_s2","d_s1","d_s2","iter4sec_s1","iter4sec_s2","model_s1","model_s2","df_1","df_2"
"1",-1e+07,-1e+07,NA,NA,0,0,NA,NA,NA,NA,NA,NA
"2",-52263.88,-52386.97,90,47,0.03,0.11,2,18,"EII","EII",22,22
"3",-51512.6,-51703.49,144,144,0.02,0,127,88,"EII","EII",33,33
"4",-50777.07,-50944.34,196,198,0.01,0.01,44,176,"EII","EII",44,44
"5",-50059.06,-50387.88,109,82,0.02,0.04,49,2,"EII","EII",55,55
"6",-49745.5,-50001.34,18,166,0.3,0.01,8,141,"EII","EII",66,66
"7",-49413.12,-49716.44,33,169,0.45,0.2,28,136,"EII","EII",77,77
"8",-49147.39,-49467.74,136,193,0.04,0.07,87,65,"EII","EII",88,88
"9",-48932.52,-49255.86,178,33,0.8,1.06,145,10,"EII","EII",99,99
"10",-48750.7,-49082.7,33,150,0.05,0.05,14,65,"EII","EII",110,110
