"","best_ll_s1","best_ll_s2","iter_best_s1","iter_best_s2","d_s1","d_s2","iter4sec_s1","iter4sec_s2","model_s1","model_s2","df_1","df_2"
"1",-1e+07,-1e+07,NA,NA,0,0,NA,NA,NA,NA,NA,NA
"2",-52263.88,-52386.97,99,9,0,0.08,63,1,"EII","EII",22,22
"3",-51512.65,-51703.47,32,150,0.23,0.03,20,47,"EII","EII",33,33
"4",-50776.95,-50944.29,141,23,0.19,0.1,111,3,"EII","EII",44,44
"5",-50059.01,-50387.8,194,83,0.03,0.13,46,58,"EII","EII",55,55
"6",-49745.42,-50001.35,37,131,0.82,0.08,14,19,"EII","EII",66,66
"7",-49413,-49716.5,125,121,0.37,0.02,93,21,"EII","EII",77,77
"8",-49147.63,-49467.68,20,133,0.28,0.08,16,10,"EII","EII",88,88
"9",-48932.74,-49255.52,187,198,0.4,0.05,92,56,"EII","EII",99,99
"10",-48750.31,-49082.85,119,31,0.35,0.99,48,30,"EII","EII",110,110
