"","best_ll_s1","best_ll_s2","iter_best_s1","iter_best_s2","d_s1","d_s2","iter4sec_s1","iter4sec_s2","model_s1","model_s2","df_1","df_2"
"1",-1e+07,-1e+07,NA,NA,0,0,NA,NA,NA,NA,NA,NA
"2",-52263.88,-52387,90,53,0.02,0.18,42,16,"EII","EII",22,22
"3",-51512.49,-51703.57,66,107,0.17,0.01,1,14,"EII","EII",33,33
"4",-50777,-50944.34,66,187,0.13,0.01,23,93,"EII","EII",44,44
"5",-50059.06,-50387.94,6,52,0.26,0.1,5,12,"EII","EII",55,55
"6",-49745.3,-50001.21,153,187,0.23,0.21,39,90,"EII","EII",66,66
"7",-49413.19,-49716.55,194,79,0.26,0.19,76,37,"EII","EII",77,77
"8",-49147.48,-49467.62,162,184,0.01,0.03,79,155,"EII","EII",88,88
"9",-48932.49,-49255.41,112,127,0.71,0.49,27,58,"EII","EII",99,99
"10",-48750.44,-49083.32,108,23,0.31,0.56,17,8,"EII","EII",110,110
