"","best_ll_s1","best_ll_s2","iter_best_s1","iter_best_s2","d_s1","d_s2","iter4sec_s1","iter4sec_s2","model_s1","model_s2","df_1","df_2"
"1",-1e+07,-1e+07,NA,NA,0,0,NA,NA,NA,NA,NA,NA
"2",-52263.87,-52386.95,200,143,0.01,0.02,140,56,"EII","EII",22,22
"3",-51512.53,-51703.41,18,13,0.43,0.18,8,7,"EII","EII",33,33
"4",-50777.04,-50944.24,198,144,0.01,0.15,107,25,"EII","EII",44,44
"5",-50059.06,-50387.83,3,35,0.08,0.15,1,33,"EII","EII",55,55
"6",-49745.5,-50001.41,181,37,0.2,0.22,131,31,"EII","EII",66,66
"7",-49412.98,-49716.55,148,143,0.27,0.15,84,73,"EII","EII",77,77
"8",-49147.47,-49467.42,118,114,0.38,0.25,36,34,"EII","EII",88,88
"9",-48933.06,-49255.16,125,96,0.17,0.89,106,66,"EII","EII",99,99
"10",-48750.97,-49082.87,43,143,1.07,0.17,9,70,"EII","EII",110,110
