"","best_ll_s1","best_ll_s2","iter_best_s1","iter_best_s2","d_s1","d_s2","iter4sec_s1","iter4sec_s2","model_s1","model_s2","df_1","df_2"
"1",-1e+07,-1e+07,NA,NA,0,0,NA,NA,NA,NA,NA,NA
"2",-52263.87,-52386.96,88,15,0.01,0.02,52,14,"EII","EII",22,22
"3",-51512.43,-51703.52,41,33,0.56,0.06,36,10,"EII","EII",33,33
"4",-50776.98,-50944.31,28,11,0.07,0.1,27,2,"EII","EII",44,44
"5",-50059.06,-50387.88,173,197,0,0.01,94,88,"EII","EII",55,55
"6",-49745.47,-50001.31,74,59,0.19,0.12,68,57,"EII","EII",66,66
"7",-49413.16,-49716.49,174,50,0.22,0.57,107,22,"EII","EII",77,77
"8",-49147.72,-49467.75,89,65,0.07,0.01,31,57,"EII","EII",88,88
"9",-48933.21,-49255.78,170,146,0.05,0.09,105,97,"EII","EII",99,99
"10",-48750.56,-49082.45,175,189,0.53,0.55,71,3,"EII","EII",110,110
