"","best_ll_s1","best_ll_s2","iter_best_s1","iter_best_s2","d_s1","d_s2","iter4sec_s1","iter4sec_s2","model_s1","model_s2","df_1","df_2"
"1",-1e+07,-1e+07,NA,NA,0,0,NA,NA,NA,NA,NA,NA
"2",-52263.88,-52386.96,14,177,0.27,0.03,4,147,"EII","EII",22,22
"3",-51512.41,-51703.5,75,200,0.14,0.01,21,5,"EII","EII",33,33
"4",-50776.98,-50944.3,178,44,0.12,0.05,121,26,"EII","EII",44,44
"5",-50059.06,-50387.87,61,156,0.05,0.02,5,37,"EII","EII",55,55
"6",-49745.44,-50001.29,144,62,0.14,0.02,10,17,"EII","EII",66,66
"7",-49413.19,-49716.68,53,126,0.15,0.05,34,98,"EII","EII",77,77
"8",-49147.56,-49467.68,171,16,0.19,0.69,53,10,"EII","EII",88,88
"9",-48933,-49255.72,150,6,0.08,1.2,71,4,"EII","EII",99,99
"10",-48750.73,-49083.02,150,200,0.06,0.19,106,196,"EII","EII",110,110
