"","best_ll_s1","best_ll_s2","iter_best_s1","iter_best_s2","d_s1","d_s2","iter4sec_s1","iter4sec_s2","model_s1","model_s2","df_1","df_2"
"1",-1e+07,-1e+07,NA,NA,0,0,NA,NA,NA,NA,NA,NA
"2",-52263.9,-52387,35,60,0.21,0.03,27,56,"EII","EII",22,22
"3",-51512.51,-51703.49,107,95,0.14,0.03,18,39,"EII","EII",33,33
"4",-50777.02,-50944.35,165,133,0.09,0,58,115,"EII","EII",44,44
"5",-50059.01,-50387.78,15,99,0.1,0.11,14,70,"EII","EII",55,55
"6",-49745.43,-50001.23,131,149,0.16,0.14,117,67,"EII","EII",66,66
"7",-49413.32,-49716.63,76,39,0.01,0.11,71,26,"EII","EII",77,77
"8",-49147.69,-49467.48,60,10,0.07,0.58,54,7,"EII","EII",88,88
"9",-48932.73,-49255.95,200,33,0.1,0.32,102,15,"EII","EII",99,99
"10",-48750.02,-49083.16,2,112,181.82,0.04,1,8,"EII","EII",110,110
