"","best_ll_s1","best_ll_s2","iter_best_s1","iter_best_s2","d_s1","d_s2","iter4sec_s1","iter4sec_s2","model_s1","model_s2","df_1","df_2"
"1",-1e+07,-1e+07,NA,NA,0,0,NA,NA,NA,NA,NA,NA
"2",-52263.86,-52386.96,195,57,0.01,0.08,27,53,"EII","EII",22,22
"3",-51512.38,-51703.49,164,92,0.11,0.04,55,2,"EII","EII",33,33
"4",-50777.1,-50944.35,32,41,0.05,0.04,16,38,"EII","EII",44,44
"5",-50059.02,-50387.92,144,23,0.07,0.01,71,8,"EII","EII",55,55
"6",-49745.37,-50001.36,133,162,0.29,0.02,98,50,"EII","EII",66,66
"7",-49413.12,-49716.54,80,173,0.43,0.11,50,108,"EII","EII",77,77
"8",-49147.79,-49467.4,148,3,0.16,51.64,17,1,"EII","EII",88,88
"9",-48932.76,-49255.05,78,51,0.58,0.84,69,24,"EII","EII",99,99
"10",-48750.79,-49082.48,62,98,1.57,0.76,45,70,"EII","EII",110,110
