"","best_ll_s1","best_ll_s2","iter_best_s1","iter_best_s2","d_s1","d_s2","iter4sec_s1","iter4sec_s2","model_s1","model_s2","df_1","df_2"
"1",-1e+07,-1e+07,NA,NA,0,0,NA,NA,NA,NA,NA,NA
"2",-52263.88,-52386.97,84,151,0.03,0.01,20,54,"EII","EII",22,22
"3",-51512.4,-51703.48,156,56,0.33,0.08,143,26,"EII","EII",33,33
"4",-50777.1,-50944.26,112,197,0.01,0.02,9,164,"EII","EII",44,44
"5",-50059.06,-50387.96,9,27,0.05,0.01,8,12,"EII","EII",55,55
"6",-49745.39,-50001.18,191,132,0.37,0.01,9,87,"EII","EII",66,66
"7",-49413.1,-49716.38,130,135,0.39,0.05,26,83,"EII","EII",77,77
"8",-49147.4,-49467.62,144,125,0.47,0,106,15,"EII","EII",88,88
"9",-48932.74,-49255.68,140,50,0.24,0.64,57,42,"EII","EII",99,99
"10",-48750.36,-49082.54,117,32,0.59,0.06,62,27,"EII","EII",110,110
