"","best_ll_s1","best_ll_s2","iter_best_s1","iter_best_s2","d_s1","d_s2","iter4sec_s1","iter4sec_s2","model_s1","model_s2","df_1","df_2"
"1",-1e+07,-1e+07,NA,NA,0,0,NA,NA,NA,NA,NA,NA
"2",-52263.87,-52386.96,23,120,0.12,0.03,14,104,"EII","EII",22,22
"3",-51512.55,-51703.47,181,30,0.1,0.09,20,6,"EII","EII",33,33
"4",-50777,-50944.26,5,70,0.32,0.03,3,7,"EII","EII",44,44
"5",-50059.04,-50387.9,43,150,0.05,0.04,34,117,"EII","EII",55,55
"6",-49745.37,-50001.25,51,59,0.33,0.01,17,58,"EII","EII",66,66
"7",-49413.46,-49716.36,183,25,0.02,0.31,18,5,"EII","EII",77,77
"8",-49147.42,-49467.5,113,107,0.18,0.37,73,68,"EII","EII",88,88
"9",-48932.96,-49255.7,8,62,1.13,0.11,2,61,"EII","EII",99,99
"10",-48750.33,-49082.41,151,142,0.47,0.74,1,57,"EII","EII",110,110
