"","best_ll_s1","best_ll_s2","iter_best_s1","iter_best_s2","d_s1","d_s2","iter4sec_s1","iter4sec_s2","model_s1","model_s2","df_1","df_2"
"1",-1e+07,-1e+07,NA,NA,0,0,NA,NA,NA,NA,NA,NA
"2",-52263.89,-52386.99,84,95,0.02,0.02,63,75,"EII","EII",22,22
"3",-51512.49,-51703.54,164,71,0.07,0.04,96,25,"EII","EII",33,33
"4",-50777.09,-50944.36,117,129,0.03,0.01,46,87,"EII","EII",44,44
"5",-50059.09,-50387.88,137,184,0.02,0.02,99,92,"EII","EII",55,55
"6",-49745.32,-50001.23,145,166,0.18,0.11,32,39,"EII","EII",66,66
"7",-49413.21,-49716.51,147,116,0.1,0.06,43,47,"EII","EII",77,77
"8",-49147.63,-49467.54,44,43,1.19,0.22,40,12,"EII","EII",88,88
"9",-48932.48,-49255.53,61,124,1.11,0.27,46,43,"EII","EII",99,99
"10",-48750.52,-49083.13,1,24,400752057.08,0.68,0,3,"EII","EII",110,110
