"","best_ll_s1","best_ll_s2","iter_best_s1","iter_best_s2","d_s1","d_s2","iter4sec_s1","iter4sec_s2","model_s1","model_s2","df_1","df_2"
"1",-1e+07,-1e+07,NA,NA,0,0,NA,NA,NA,NA,NA,NA
"2",-52263.87,-52386.95,108,7,0.02,0.12,89,3,"EII","EII",22,22
"3",-51512.44,-51703.53,21,173,0.59,0.05,3,171,"EII","EII",33,33
"4",-50777,-50944.34,131,100,0.08,0.01,57,70,"EII","EII",44,44
"5",-50059.01,-50387.89,31,200,0.04,0.01,9,73,"EII","EII",55,55
"6",-49745.62,-50001.23,21,54,0.41,0.35,18,51,"EII","EII",66,66
"7",-49413.23,-49716.51,167,171,0.08,0.05,85,106,"EII","EII",77,77
"8",-49147.59,-49467.3,32,171,0.36,0.1,29,27,"EII","EII",88,88
"9",-48932.74,-49255.54,57,2,0.14,61.29,2,1,"EII","EII",99,99
"10",-48751.01,-49082.78,105,171,0.13,0.64,83,99,"EII","EII",110,110
