"","best_ll_s1","best_ll_s2","iter_best_s1","iter_best_s2","d_s1","d_s2","iter4sec_s1","iter4sec_s2","model_s1","model_s2","df_1","df_2"
"1",-1e+07,-1e+07,NA,NA,0,0,NA,NA,NA,NA,NA,NA
"2",-52263.88,-52386.98,105,93,0.02,0,45,40,"EII","EII",22,22
"3",-51512.41,-51703.53,77,76,0.15,0.03,68,48,"EII","EII",33,33
"4",-50777.07,-50944.35,36,146,0.22,0.01,28,8,"EII","EII",44,44
"5",-50058.98,-50387.88,143,149,0.07,0.03,20,88,"EII","EII",55,55
"6",-49745.33,-50001.1,100,188,0.09,0.25,8,54,"EII","EII",66,66
"7",-49413.38,-49716.49,140,40,0.02,0.33,51,8,"EII","EII",77,77
"8",-49147.39,-49467.5,178,10,0.16,0.83,174,1,"EII","EII",88,88
"9",-48933.31,-49255.63,35,35,0.1,0.24,6,28,"EII","EII",99,99
"10",-48750.81,-49082.9,92,110,0.5,0.36,73,40,"EII","EII",110,110
