"","best_ll_s1","best_ll_s2","iter_best_s1","iter_best_s2","d_s1","d_s2","iter4sec_s1","iter4sec_s2","model_s1","model_s2","df_1","df_2"
"1",-1e+07,-1e+07,NA,NA,0,0,NA,NA,NA,NA,NA,NA
"2",-52263.87,-52386.99,77,103,0.01,0,23,45,"EII","EII",22,22
"3",-51512.46,-51703.48,4,117,0.81,0.03,2,79,"EII","EII",33,33
"4",-50777.02,-50944.3,114,122,0.03,0.01,60,117,"EII","EII",44,44
"5",-50059.01,-50387.88,62,148,0.07,0.01,20,92,"EII","EII",55,55
"6",-49745.45,-50001.23,114,196,0.08,0.11,12,144,"EII","EII",66,66
"7",-49413.21,-49716.54,36,178,0.46,0.01,6,2,"EII","EII",77,77
"8",-49147.55,-49467.56,152,125,0.07,0.08,89,82,"EII","EII",88,88
"9",-48932.95,-49255.45,165,132,0.05,0.3,152,63,"EII","EII",99,99
"10",-48750.35,-49082.77,34,170,1.82,1.03,32,88,"EII","EII",110,110
