"","best_ll_s1","best_ll_s2","iter_best_s1","iter_best_s2","d_s1","d_s2","iter4sec_s1","iter4sec_s2","model_s1","model_s2","df_1","df_2"
"1",-1e+07,-1e+07,NA,NA,0,0,NA,NA,NA,NA,NA,NA
"2",-52263.88,-52386.97,200,122,0.01,0.03,93,13,"EII","EII",22,22
"3",-51512.64,-51703.5,91,31,0.01,0.05,2,4,"EII","EII",33,33
"4",-50777.13,-50944.32,173,18,0.04,0.03,87,6,"EII","EII",44,44
"5",-50059.02,-50387.87,112,165,0.02,0.05,36,161,"EII","EII",55,55
"6",-49745.55,-50001.14,36,15,0.05,0.2,32,1,"EII","EII",66,66
"7",-49413.21,-49716.47,128,57,0,0.2,74,37,"EII","EII",77,77
"8",-49147.73,-49467.69,154,9,0.02,1.22,55,4,"EII","EII",88,88
"9",-48933.07,-49255.68,76,132,0.01,0.31,71,53,"EII","EII",99,99
"10",-48750.88,-49082.5,193,108,0.57,0.59,74,86,"EII","EII",110,110
