"","best_ll_s1","best_ll_s2","iter_best_s1","iter_best_s2","d_s1","d_s2","iter4sec_s1","iter4sec_s2","model_s1","model_s2","df_1","df_2"
"1",-1e+07,-1e+07,NA,NA,0,0,NA,NA,NA,NA,NA,NA
"2",-52263.88,-52386.97,75,30,0.01,0.07,55,29,"EII","EII",22,22
"3",-51512.65,-51703.49,160,5,0.03,0.13,9,2,"EII","EII",33,33
"4",-50777.03,-50944.28,93,161,0.07,0.07,34,19,"EII","EII",44,44
"5",-50059,-50387.84,117,85,0.1,0.04,90,46,"EII","EII",55,55
"6",-49745.39,-50001.33,193,82,0.12,0.15,102,66,"EII","EII",66,66
"7",-49413.28,-49716.43,45,177,0.27,0.1,17,70,"EII","EII",77,77
"8",-49147.65,-49467.56,34,12,0.34,0.43,28,5,"EII","EII",88,88
"9",-48932.98,-49255.4,1,79,479960099.9,0.54,0,71,"EII","EII",99,99
"10",-48750.58,-49082.88,197,70,1.36,1.51,3,56,"EII","EII",110,110
