"","best_ll_s1","best_ll_s2","iter_best_s1","iter_best_s2","d_s1","d_s2","iter4sec_s1","iter4sec_s2","model_s1","model_s2","df_1","df_2"
"1",-1e+07,-1e+07,NA,NA,0,0,NA,NA,NA,NA,NA,NA
"2",-52263.88,-52386.99,182,37,0,0,114,27,"EII","EII",22,22
"3",-51512.31,-51703.49,127,16,0.22,0.1,105,13,"EII","EII",33,33
"4",-50776.95,-50944.3,175,118,0.16,0.04,62,40,"EII","EII",44,44
"5",-50058.99,-50387.84,113,88,0.05,0.04,95,79,"EII","EII",55,55
"6",-49745.28,-50001.32,141,175,0.16,0.02,93,58,"EII","EII",66,66
"7",-49413.36,-49716.4,175,103,0.04,0.38,59,73,"EII","EII",77,77
"8",-49147.72,-49467.35,166,142,0.01,0.16,130,29,"EII","EII",88,88
"9",-48932.64,-49255.54,92,82,0.59,0.72,45,23,"EII","EII",99,99
"10",-48750.65,-49083.36,140,183,0.56,0.06,122,11,"EII","EII",110,110
