"","best_ll_s1","best_ll_s2","iter_best_s1","iter_best_s2","d_s1","d_s2","iter4sec_s1","iter4sec_s2","model_s1","model_s2","df_1","df_2"
"1",-1e+07,-1e+07,NA,NA,0,0,NA,NA,NA,NA,NA,NA
"2",-52263.89,-52386.96,81,50,0.2,0.01,10,12,"EII","EII",22,22
"3",-51512.68,-51703.51,197,14,0.01,0.11,84,4,"EII","EII",33,33
"4",-50777.02,-50944.37,80,171,0.09,0,12,10,"EII","EII",44,44
"5",-50058.92,-50387.9,28,53,0.08,0.1,10,42,"EII","EII",55,55
"6",-49745.39,-50001.32,73,184,0.31,0.07,64,150,"EII","EII",66,66
"7",-49413.33,-49716.55,186,6,0.06,2.31,15,5,"EII","EII",77,77
"8",-49147.63,-49467.65,67,68,0.14,0.16,42,25,"EII","EII",88,88
"9",-48933.1,-49255.9,156,25,0.02,0.51,10,8,"EII","EII",99,99
"10",-48751.2,-49082.79,133,176,0.11,0.04,54,87,"EII","EII",110,110
