"","best_ll_s1","best_ll_s2","iter_best_s1","iter_best_s2","d_s1","d_s2","iter4sec_s1","iter4sec_s2","model_s1","model_s2","df_1","df_2"
"1",-1e+07,-1e+07,NA,NA,0,0,NA,NA,NA,NA,NA,NA
"2",-52263.89,-52386.98,17,131,0.12,0.03,2,1,"EII","EII",22,22
"3",-51512.57,-51703.55,114,159,0.07,0.01,26,106,"EII","EII",33,33
"4",-50777.04,-50944.31,23,62,0.12,0.05,15,27,"EII","EII",44,44
"5",-50058.98,-50387.83,65,176,0.07,0.02,48,77,"EII","EII",55,55
"6",-49745.64,-50001.36,130,103,0.08,0.12,98,77,"EII","EII",66,66
"7",-49413.11,-49716.58,112,156,0.15,0.1,13,53,"EII","EII",77,77
"8",-49147.43,-49467.3,103,176,0.29,0.25,20,107,"EII","EII",88,88
"9",-48933.01,-49256.03,78,146,0.09,0.24,66,43,"EII","EII",99,99
"10",-48750.44,-49083,5,89,21.76,0.24,4,33,"EII","EII",110,110
