"","best_ll_s1","best_ll_s2","iter_best_s1","iter_best_s2","d_s1","d_s2","iter4sec_s1","iter4sec_s2","model_s1","model_s2","df_1","df_2"
"1",-1e+07,-1e+07,NA,NA,0,0,NA,NA,NA,NA,NA,NA
"2",-52263.91,-52386.97,45,146,0,0.03,52,55,"EII","EII",22,22
"3",-51512.52,-51703.46,168,34,0,0.1,196,22,"EII","EII",33,33
"4",-50777.11,-50944.24,200,27,0.01,0,98,53,"EII","EII",44,44
"5",-50058.97,-50387.87,176,126,0.04,0.01,60,93,"EII","EII",55,55
"6",-49745.35,-50001.15,171,159,0.12,0,65,177,"EII","EII",66,66
"7",-49412.98,-49716.5,36,118,0.18,0.04,34,90,"EII","EII",77,77
"8",-49147.57,-49467.37,180,138,0.37,0.17,132,71,"EII","EII",88,88
"9",-48932.64,-49255.34,88,66,0.23,0,59,150,"EII","EII",99,99
"10",-48750.65,-49082.52,54,177,0,0.05,66,83,"EII","EII",110,110
