"","best_ll_s1","best_ll_s2","iter_best_s1","iter_best_s2","d_s1","d_s2","iter4sec_s1","iter4sec_s2","model_s1","model_s2","df_1","df_2"
"1",-1e+07,-1e+07,NA,NA,0,0,NA,NA,NA,NA,NA,NA
"2",-52263.88,-52386.96,162,71,0.02,0.01,6,57,"EII","EII",22,22
"3",-51512.57,-51703.43,165,141,0.06,0.12,64,8,"EII","EII",33,33
"4",-50777.03,-50944.3,64,125,0.03,0.07,42,93,"EII","EII",44,44
"5",-50059.07,-50387.88,54,35,0.03,0.13,45,9,"EII","EII",55,55
"6",-49745.6,-50001.26,149,195,0.13,0.11,14,52,"EII","EII",66,66
"7",-49413.16,-49716.33,24,134,0.63,0.06,9,102,"EII","EII",77,77
"8",-49147.53,-49467.65,167,79,0.22,0.2,56,50,"EII","EII",88,88
"9",-48932.97,-49255.66,3,72,4.37,0.6,2,36,"EII","EII",99,99
"10",-48750.97,-49082.46,154,58,0.7,0.73,94,47,"EII","EII",110,110
