"","best_ll_s1","best_ll_s2","iter_best_s1","iter_best_s2","d_s1","d_s2","iter4sec_s1","iter4sec_s2","model_s1","model_s2","df_1","df_2"
"1",-1e+07,-1e+07,NA,NA,0,0,NA,NA,NA,NA,NA,NA
"2",-52263.89,-52386.97,72,150,0.15,0.02,5,73,"EII","EII",22,22
"3",-51512.62,-51703.55,153,199,0.08,0.01,8,165,"EII","EII",33,33
"4",-50777.01,-50944.33,168,159,0.09,0.04,30,138,"EII","EII",44,44
"5",-50059.08,-50387.85,4,144,0.28,0.03,1,89,"EII","EII",55,55
"6",-49745.65,-50001.34,134,13,0.03,0.34,80,2,"EII","EII",66,66
"7",-49413.2,-49716.52,20,165,0.36,0.04,8,130,"EII","EII",77,77
"8",-49147.72,-49467.36,20,38,0.44,0.3,2,17,"EII","EII",88,88
"9",-48933.26,-49255.65,120,126,0.06,0.34,109,50,"EII","EII",99,99
"10",-48750.79,-49083.11,68,154,0.13,0.05,44,143,"EII","EII",110,110
