"","best_ll_s1","best_ll_s2","iter_best_s1","iter_best_s2","d_s1","d_s2","iter4sec_s1","iter4sec_s2","model_s1","model_s2","df_1","df_2"
"1",-1e+07,-1e+07,NA,NA,0,0,NA,NA,NA,NA,NA,NA
"2",-52263.87,-52386.96,15,44,0.22,0.09,14,25,"EII","EII",22,22
"3",-51512.45,-51703.51,99,133,0.23,0.03,32,88,"EII","EII",33,33
"4",-50777.05,-50944.34,108,36,0.05,0.03,102,12,"EII","EII",44,44
"5",-50058.96,-50387.87,173,183,0.1,0.01,98,122,"EII","EII",55,55
"6",-49745.48,-50001.09,185,151,0.13,0.17,114,22,"EII","EII",66,66
"7",-49413.34,-49716.51,138,142,0.04,0.18,101,111,"EII","EII",77,77
"8",-49147.8,-49467.65,122,114,0.2,0.02,63,56,"EII","EII",88,88
"9",-48932.72,-49255.63,140,198,0.33,0.32,125,186,"EII","EII",99,99
"10",-48750.91,-49083.32,133,181,0.08,0.13,93,18,"EII","EII",110,110
