"","best_ll_s1","best_ll_s2","iter_best_s1","iter_best_s2","d_s1","d_s2","iter4sec_s1","iter4sec_s2","model_s1","model_s2","df_1","df_2"
"1",-1e+07,-1e+07,NA,NA,0,0,NA,NA,NA,NA,NA,NA
"2",-52263.88,-52386.96,150,148,0.04,0.04,32,141,"EII","EII",22,22
"3",-51512.65,-51703.48,191,148,0.03,0.01,127,84,"EII","EII",33,33
"4",-50777,-50944.32,98,62,0.15,0.01,11,5,"EII","EII",44,44
"5",-50059.05,-50387.9,192,122,0.04,0.02,146,29,"EII","EII",55,55
"6",-49745.23,-50001.35,107,5,0.36,0.25,18,3,"EII","EII",66,66
"7",-49412.95,-49716.67,76,16,0.28,0.01,74,1,"EII","EII",77,77
"8",-49147.73,-49467.54,144,109,0.3,0.36,75,99,"EII","EII",88,88
"9",-48932.7,-49255.91,69,151,0.47,0.2,67,144,"EII","EII",99,99
"10",-48750.82,-49083.38,117,114,1.06,0.07,36,102,"EII","EII",110,110
