"","best_ll_s1","best_ll_s2","iter_best_s1","iter_best_s2","d_s1","d_s2","iter4sec_s1","iter4sec_s2","model_s1","model_s2","df_1","df_2"
"1",-1e+07,-1e+07,NA,NA,0,0,NA,NA,NA,NA,NA,NA
"2",-52263.87,-52386.96,28,139,0.05,0.03,4,107,"EII","EII",22,22
"3",-51512.6,-51703.44,10,109,0.12,0.08,9,98,"EII","EII",33,33
"4",-50777.04,-50944.34,136,55,0.03,0.04,72,8,"EII","EII",44,44
"5",-50058.98,-50387.82,79,53,0.01,0.17,51,40,"EII","EII",55,55
"6",-49745.41,-50001.25,87,135,0.02,0.02,26,61,"EII","EII",66,66
"7",-49412.93,-49716.54,86,113,0.08,0.04,2,55,"EII","EII",77,77
"8",-49147.43,-49467.47,68,194,0.61,0.23,31,192,"EII","EII",88,88
"9",-48933,-49255.92,5,27,106,0.06,1,11,"EII","EII",99,99
"10",-48751.36,-49082.14,102,57,0.21,0.86,66,46,"EII","EII",110,110
