"","best_ll_s1","best_ll_s2","iter_best_s1","iter_best_s2","d_s1","d_s2","iter4sec_s1","iter4sec_s2","model_s1","model_s2","df_1","df_2"
"1",-1e+07,-1e+07,NA,NA,0,0,NA,NA,NA,NA,NA,NA
"2",-52263.91,-52386.97,72,82,0.16,0.07,4,60,"EII","EII",22,22
"3",-51512.39,-51703.53,127,59,0.14,0.03,61,28,"EII","EII",33,33
"4",-50777.01,-50944.33,106,131,0.08,0.02,3,39,"EII","EII",44,44
"5",-50059.02,-50387.79,104,119,0.04,0.11,79,95,"EII","EII",55,55
"6",-49745.43,-50001.34,55,193,0.01,0.04,49,159,"EII","EII",66,66
"7",-49413.18,-49716.69,89,159,0.25,0.02,21,144,"EII","EII",77,77
"8",-49147.59,-49467.34,194,44,0.06,0.25,1,14,"EII","EII",88,88
"9",-48933.09,-49255.52,103,130,0.18,0.55,77,34,"EII","EII",99,99
"10",-48750.39,-49082.85,3,119,81.44,0.34,1,9,"EII","EII",110,110
