"","best_ll_s1","best_ll_s2","iter_best_s1","iter_best_s2","d_s1","d_s2","iter4sec_s1","iter4sec_s2","model_s1","model_s2","df_1","df_2"
"1",-1e+07,-1e+07,NA,NA,0,0,NA,NA,NA,NA,NA,NA
"2",-52263.87,-52386.96,182,134,0.01,0.01,113,13,"EII","EII",22,22
"3",-51512.5,-51703.5,55,112,0.2,0.02,1,47,"EII","EII",33,33
"4",-50777.01,-50944.26,178,163,0,0.02,116,115,"EII","EII",44,44
"5",-50059.01,-50387.86,174,166,0.01,0.02,43,106,"EII","EII",55,55
"6",-49745.36,-50001.2,9,153,0.59,0.23,3,148,"EII","EII",66,66
"7",-49413.18,-49716.32,131,133,0.08,0.12,22,123,"EII","EII",77,77
"8",-49147.44,-49467.51,25,3,0.5,2.98,9,2,"EII","EII",88,88
"9",-48933.03,-49255.43,36,71,0.32,0.63,7,13,"EII","EII",99,99
"10",-48751.15,-49082.66,110,11,0.34,0.9,39,4,"EII","EII",110,110
