"","best_ll_s1","best_ll_s2","iter_best_s1","iter_best_s2","d_s1","d_s2","iter4sec_s1","iter4sec_s2","model_s1","model_s2","df_1","df_2"
"1",-1e+07,-1e+07,NA,NA,0,0,NA,NA,NA,NA,NA,NA
"2",-52263.91,-52386.97,56,114,0.05,0.04,8,58,"EII","EII",22,22
"3",-51512.47,-51703.47,105,130,0.26,0.01,99,69,"EII","EII",33,33
"4",-50777,-50944.29,158,58,0.1,0.02,128,6,"EII","EII",44,44
"5",-50059,-50387.89,14,105,0.1,0.02,11,72,"EII","EII",55,55
"6",-49745.4,-50001.18,104,85,0.19,0.06,83,27,"EII","EII",66,66
"7",-49413.33,-49716.56,10,90,0.24,0.16,4,45,"EII","EII",77,77
"8",-49147.68,-49467.53,26,105,0.42,0.13,20,64,"EII","EII",88,88
"9",-48932.78,-49255.46,58,3,0.51,128.1,22,1,"EII","EII",99,99
"10",-48750.05,-49082.43,58,22,0.86,1.31,22,3,"EII","EII",110,110
