"","best_ll_s1","best_ll_s2","iter_best_s1","iter_best_s2","d_s1","d_s2","iter4sec_s1","iter4sec_s2","model_s1","model_s2","df_1","df_2"
"1",-1e+07,-1e+07,NA,NA,0,0,NA,NA,NA,NA,NA,NA
"2",-52263.88,-52386.97,157,180,0.04,0.02,93,76,"EII","EII",22,22
"3",-51512.6,-51703.57,166,43,0.07,0.03,4,9,"EII","EII",33,33
"4",-50777.08,-50944.26,101,196,0.03,0.05,72,106,"EII","EII",44,44
"5",-50058.99,-50387.88,72,60,0.03,0.05,23,17,"EII","EII",55,55
"6",-49745.58,-50001.33,195,66,0.18,0.01,60,27,"EII","EII",66,66
"7",-49413.17,-49716.37,115,150,0.17,0.18,35,8,"EII","EII",77,77
"8",-49147.74,-49467.34,15,8,0.57,1.45,3,3,"EII","EII",88,88
"9",-48932.93,-49255.63,157,160,0.26,0.46,108,30,"EII","EII",99,99
"10",-48750.76,-49082.46,68,125,0.99,0.68,10,9,"EII","EII",110,110
