"","best_ll_s1","best_ll_s2","iter_best_s1","iter_best_s2","d_s1","d_s2","iter4sec_s1","iter4sec_s2","model_s1","model_s2","df_1","df_2"
"1",-1e+07,-1e+07,NA,NA,0,0,NA,NA,NA,NA,NA,NA
"2",-52263.94,-52386.98,64,34,0.07,0.33,37,30,"EII","EII",22,22
"3",-51512.46,-51703.47,165,193,0.14,0.07,111,74,"EII","EII",33,33
"4",-50776.95,-50944.34,101,149,0.14,0.01,3,39,"EII","EII",44,44
"5",-50058.95,-50387.88,58,72,0.15,0.11,26,48,"EII","EII",55,55
"6",-49745.34,-50001.16,132,72,0.07,0.23,86,18,"EII","EII",66,66
"7",-49413.29,-49716.37,192,97,0.01,0.26,65,17,"EII","EII",77,77
"8",-49147.63,-49467.59,56,101,0.36,0.08,40,31,"EII","EII",88,88
"9",-48932.86,-49255.39,181,10,0.2,1.58,70,6,"EII","EII",99,99
"10",-48750.72,-49082.65,36,155,1.19,0.45,19,82,"EII","EII",110,110
