"","best_ll_s1","best_ll_s2","iter_best_s1","iter_best_s2","d_s1","d_s2","iter4sec_s1","iter4sec_s2","model_s1","model_s2","df_1","df_2"
"1",-1e+07,-1e+07,NA,NA,0,0,NA,NA,NA,NA,NA,NA
"2",-52263.88,-52386.97,92,163,0,0.09,46,114,"EII","EII",22,22
"3",-51512.64,-51703.53,69,167,0.23,0.01,37,133,"EII","EII",33,33
"4",-50777.11,-50944.26,149,66,0,0.06,107,43,"EII","EII",44,44
"5",-50059.05,-50387.86,155,165,0.04,0.04,2,2,"EII","EII",55,55
"6",-49745.26,-50001.27,166,102,0.18,0.04,150,14,"EII","EII",66,66
"7",-49413.08,-49716.36,186,86,0.16,0.18,89,58,"EII","EII",77,77
"8",-49147.62,-49467.54,95,6,0.09,0.26,88,4,"EII","EII",88,88
"9",-48932.97,-49255.67,84,141,0.59,0.11,30,118,"EII","EII",99,99
"10",-48751.57,-49082.83,3,90,58.38,0.46,2,18,"EII","EII",110,110
