"","best_ll_s1","best_ll_s2","iter_best_s1","iter_best_s2","d_s1","d_s2","iter4sec_s1","iter4sec_s2","model_s1","model_s2","df_1","df_2"
"1",-1e+07,-1e+07,NA,NA,0,0,NA,NA,NA,NA,NA,NA
"2",-52263.87,-52386.97,123,32,0,0.06,69,16,"EII","EII",22,22
"3",-51512.63,-51703.49,85,52,0.07,0.02,38,20,"EII","EII",33,33
"4",-50777.06,-50944.35,86,117,0.08,0.01,1,82,"EII","EII",44,44
"5",-50059.04,-50387.9,48,161,0.03,0,30,51,"EII","EII",55,55
"6",-49745.42,-50001.28,114,15,0.07,0.07,88,13,"EII","EII",66,66
"7",-49413.06,-49716.72,136,186,0.01,0.08,88,128,"EII","EII",77,77
"8",-49147.68,-49467.76,35,60,0.59,0.05,22,34,"EII","EII",88,88
"9",-48933.04,-49255.69,29,94,0.01,0.04,6,61,"EII","EII",99,99
"10",-48750.46,-49083.27,195,75,0.29,0.26,3,25,"EII","EII",110,110
