"","best_ll_s1","best_ll_s2","iter_best_s1","iter_best_s2","d_s1","d_s2","iter4sec_s1","iter4sec_s2","model_s1","model_s2","df_1","df_2"
"1",-1e+07,-1e+07,NA,NA,0,0,NA,NA,NA,NA,NA,NA
"2",-52263.95,-52386.96,77,199,0.01,0.01,30,172,"EII","EII",22,22
"3",-51512.38,-51703.5,24,41,0.32,0.05,5,4,"EII","EII",33,33
"4",-50777.04,-50944.27,48,148,0.13,0.05,34,93,"EII","EII",44,44
"5",-50058.98,-50387.88,180,196,0.02,0,78,192,"EII","EII",55,55
"6",-49745.62,-50001.29,40,33,0.08,0.13,11,20,"EII","EII",66,66
"7",-49413.04,-49716.52,84,20,0.22,0.17,63,15,"EII","EII",77,77
"8",-49147.96,-49467.65,49,58,0.1,0.09,19,57,"EII","EII",88,88
"9",-48933.09,-49255.97,51,171,0.44,0.07,40,32,"EII","EII",99,99
"10",-48750.95,-49082.8,121,191,0.28,0.48,23,124,"EII","EII",110,110
