"","best_ll_s1","best_ll_s2","iter_best_s1","iter_best_s2","d_s1","d_s2","iter4sec_s1","iter4sec_s2","model_s1","model_s2","df_1","df_2"
"1",-1e+07,-1e+07,NA,NA,0,0,NA,NA,NA,NA,NA,NA
"2",-52263.88,-52386.96,173,20,0,0.07,159,6,"EII","EII",22,22
"3",-51512.37,-51703.53,190,176,0.28,0.01,21,51,"EII","EII",33,33
"4",-50777.05,-50944.34,140,150,0.02,0,36,94,"EII","EII",44,44
"5",-50059.06,-50387.82,97,9,0.02,0.11,24,8,"EII","EII",55,55
"6",-49745.47,-50001.41,183,70,0.04,0.06,178,58,"EII","EII",66,66
"7",-49413.31,-49716.5,127,152,0.13,0.02,24,117,"EII","EII",77,77
"8",-49147.84,-49467.48,175,3,0.06,114.2,26,2,"EII","EII",88,88
"9",-48932.9,-49255.67,158,183,0.36,0.07,103,32,"EII","EII",99,99
"10",-48751.15,-49083.17,74,25,0.05,0.35,59,16,"EII","EII",110,110
