"","best_ll_s1","best_ll_s2","iter_best_s1","iter_best_s2","d_s1","d_s2","iter4sec_s1","iter4sec_s2","model_s1","model_s2","df_1","df_2"
"1",-1e+07,-1e+07,NA,NA,0,0,NA,NA,NA,NA,NA,NA
"2",-52263.87,-52386.98,174,96,0,0.01,116,83,"EII","EII",22,22
"3",-51512.49,-51703.49,171,53,0.21,0.01,89,39,"EII","EII",33,33
"4",-50777.12,-50944.34,31,73,0.02,0.01,3,9,"EII","EII",44,44
"5",-50058.95,-50387.89,120,151,0.07,0.01,42,85,"EII","EII",55,55
"6",-49745.29,-50001.34,200,181,0.21,0.04,78,163,"EII","EII",66,66
"7",-49413.27,-49716.49,107,171,0.31,0.05,91,152,"EII","EII",77,77
"8",-49147.29,-49467.54,49,32,0.68,0.04,6,22,"EII","EII",88,88
"9",-48932.81,-49255.59,185,52,0.22,0.18,158,51,"EII","EII",99,99
"10",-48751.15,-49082.95,39,75,0.75,0.02,26,51,"EII","EII",110,110
