"","best_ll_s1","best_ll_s2","iter_best_s1","iter_best_s2","d_s1","d_s2","iter4sec_s1","iter4sec_s2","model_s1","model_s2","df_1","df_2"
"1",-1e+07,-1e+07,NA,NA,0,0,NA,NA,NA,NA,NA,NA
"2",-52263.87,-52386.99,113,181,0,0,57,60,"EII","EII",22,22
"3",-51512.45,-51703.57,196,48,0.12,0,156,27,"EII","EII",33,33
"4",-50776.99,-50944.26,66,164,0.04,0.01,2,80,"EII","EII",44,44
"5",-50059.03,-50387.86,4,36,0.17,0.07,1,33,"EII","EII",55,55
"6",-49745.51,-50001.46,48,183,0.32,0.03,10,111,"EII","EII",66,66
"7",-49413.05,-49716.33,187,48,0.39,0.36,32,32,"EII","EII",77,77
"8",-49147.56,-49467.62,36,64,0.98,0.16,23,29,"EII","EII",88,88
"9",-48932.91,-49255.54,180,13,0.24,0.24,58,3,"EII","EII",99,99
"10",-48750.75,-49082.93,126,173,0.05,0.01,51,45,"EII","EII",110,110
