"","best_ll_s1","best_ll_s2","iter_best_s1","iter_best_s2","d_s1","d_s2","iter4sec_s1","iter4sec_s2","model_s1","model_s2","df_1","df_2"
"1",-1e+07,-1e+07,NA,NA,0,0,NA,NA,NA,NA,NA,NA
"2",-52263.88,-52386.98,9,188,0.36,0.01,2,21,"EII","EII",22,22
"3",-51512.65,-51703.47,157,141,0.08,0.03,133,126,"EII","EII",33,33
"4",-50777.09,-50944.35,48,74,0.05,0.01,32,14,"EII","EII",44,44
"5",-50058.96,-50387.91,100,105,0.09,0.02,25,53,"EII","EII",55,55
"6",-49745.32,-50001.41,43,101,0.79,0.02,5,42,"EII","EII",66,66
"7",-49413.1,-49716.39,36,5,0.51,0.75,35,3,"EII","EII",77,77
"8",-49147.76,-49467.33,163,160,0.22,0.06,136,115,"EII","EII",88,88
"9",-48932.59,-49255.61,194,1,0.28,489951000.68,20,0,"EII","EII",99,99
"10",-48750.54,-49082.89,97,125,0.68,0.67,15,87,"EII","EII",110,110
