"","best_ll_s1","best_ll_s2","iter_best_s1","iter_best_s2","d_s1","d_s2","iter4sec_s1","iter4sec_s2","model_s1","model_s2","df_1","df_2"
"1",-1e+07,-1e+07,NA,NA,0,0,NA,NA,NA,NA,NA,NA
"2",-52263.87,-52386.95,6,113,0.12,0.05,4,112,"EII","EII",22,22
"3",-51512.3,-51703.5,105,53,0.2,0.09,59,42,"EII","EII",33,33
"4",-50777.02,-50944.34,28,99,0.13,0.02,16,87,"EII","EII",44,44
"5",-50059.03,-50387.84,45,165,0.03,0.04,14,25,"EII","EII",55,55
"6",-49745.13,-50001.29,120,14,0.31,0.39,92,8,"EII","EII",66,66
"7",-49413.16,-49716.48,154,28,0.44,0.41,19,1,"EII","EII",77,77
"8",-49147.47,-49467.6,11,147,1.07,0.02,6,117,"EII","EII",88,88
"9",-48932.88,-49255.8,131,64,0.05,0.17,81,18,"EII","EII",99,99
"10",-48751.23,-49082.97,64,129,0.7,0.52,51,22,"EII","EII",110,110
