"","best_ll_s1","best_ll_s2","iter_best_s1","iter_best_s2","d_s1","d_s2","iter4sec_s1","iter4sec_s2","model_s1","model_s2","df_1","df_2"
"1",-1e+07,-1e+07,NA,NA,0,0,NA,NA,NA,NA,NA,NA
"2",-52263.89,-52386.96,124,9,0.04,0.1,100,7,"EII","EII",22,22
"3",-51512.65,-51703.52,17,11,0.56,0,15,9,"EII","EII",33,33
"4",-50777.11,-50944.35,11,37,0.24,0.01,5,36,"EII","EII",44,44
"5",-50058.95,-50387.89,168,111,0.07,0.01,89,1,"EII","EII",55,55
"6",-49745.39,-50001.29,41,175,0.42,0.06,5,165,"EII","EII",66,66
"7",-49412.94,-49716.48,74,128,0.72,0.07,59,22,"EII","EII",77,77
"8",-49147.86,-49467.7,195,171,0.02,0.02,133,17,"EII","EII",88,88
"9",-48933.21,-49255.74,132,143,0.18,0.07,47,107,"EII","EII",99,99
"10",-48751.19,-49082.47,76,174,0.13,0.6,1,50,"EII","EII",110,110
