"","best_ll_s1","best_ll_s2","iter_best_s1","iter_best_s2","d_s1","d_s2","iter4sec_s1","iter4sec_s2","model_s1","model_s2","df_1","df_2"
"1",-1e+07,-1e+07,NA,NA,0,0,NA,NA,NA,NA,NA,NA
"2",-52263.89,-52387.01,37,78,0.04,0.01,33,71,"EII","EII",22,22
"3",-51512.62,-51703.5,68,126,0.11,0.01,9,60,"EII","EII",33,33
"4",-50776.99,-50944.27,71,163,0.11,0.07,35,131,"EII","EII",44,44
"5",-50059.05,-50387.87,113,75,0.01,0.03,58,31,"EII","EII",55,55
"6",-49745.39,-50001.34,160,43,0.36,0.04,156,17,"EII","EII",66,66
"7",-49413.09,-49716.39,147,39,0.26,0.54,97,33,"EII","EII",77,77
"8",-49147.4,-49467.67,97,13,0.31,1.77,41,7,"EII","EII",88,88
"9",-48933.12,-49255.83,77,31,0.31,0.06,49,10,"EII","EII",99,99
"10",-48750.77,-49082.42,116,90,0.14,0.59,34,51,"EII","EII",110,110
