"","best_ll_s1","best_ll_s2","iter_best_s1","iter_best_s2","d_s1","d_s2","iter4sec_s1","iter4sec_s2","model_s1","model_s2","df_1","df_2"
"1",-1e+07,-1e+07,NA,NA,0,0,NA,NA,NA,NA,NA,NA
"2",-52263.88,-52386.95,24,139,0.23,0,5,11,"EII","EII",22,22
"3",-51512.55,-51703.49,119,133,0.02,0,82,54,"EII","EII",33,33
"4",-50777.03,-50944.34,128,97,0.13,0.01,62,20,"EII","EII",44,44
"5",-50058.99,-50387.85,115,101,0.06,0.03,1,48,"EII","EII",55,55
"6",-49745.49,-50001.33,197,104,0.17,0,180,97,"EII","EII",66,66
"7",-49413.31,-49716.49,70,158,0.12,0.26,42,44,"EII","EII",77,77
"8",-49147.86,-49467.75,82,104,0.23,0.1,71,53,"EII","EII",88,88
"9",-48932.73,-49255.41,135,78,0.52,0.71,17,5,"EII","EII",99,99
"10",-48749.83,-49082.51,198,26,0.82,1.23,37,21,"EII","EII",110,110
