"","best_ll_s1","best_ll_s2","iter_best_s1","iter_best_s2","d_s1","d_s2","iter4sec_s1","iter4sec_s2","model_s1","model_s2","df_1","df_2"
"1",-1e+07,-1e+07,NA,NA,0,0,NA,NA,NA,NA,NA,NA
"2",-52263.88,-52386.98,128,52,0.02,0.04,126,47,"EII","EII",22,22
"3",-51512.39,-51703.49,99,60,0.16,0.07,47,58,"EII","EII",33,33
"4",-50776.97,-50944.36,18,187,0.17,0,3,172,"EII","EII",44,44
"5",-50059.09,-50387.85,66,48,0,0.08,13,22,"EII","EII",55,55
"6",-49745.55,-50001.48,64,99,0.39,0,37,98,"EII","EII",66,66
"7",-49413.26,-49716.55,173,85,0.01,0.01,25,32,"EII","EII",77,77
"8",-49147.56,-49467.34,26,81,0.91,0.2,13,19,"EII","EII",88,88
"9",-48933.06,-49255.47,162,196,0.04,0.31,94,82,"EII","EII",99,99
"10",-48751.3,-49082.35,153,12,0.07,1.33,94,9,"EII","EII",110,110
