"","best_ll_s1","best_ll_s2","iter_best_s1","iter_best_s2","d_s1","d_s2","iter4sec_s1","iter4sec_s2","model_s1","model_s2","df_1","df_2"
"1",-1e+07,-1e+07,NA,NA,0,0,NA,NA,NA,NA,NA,NA
"2",-52263.9,-52386.96,83,42,0.01,0.01,69,7,"EII","EII",22,22
"3",-51512.59,-51703.5,6,6,0.23,0.18,4,3,"EII","EII",33,33
"4",-50777,-50944.34,6,118,95.09,0.01,3,26,"EII","EII",44,44
"5",-50058.98,-50387.89,39,165,0.21,0.02,20,24,"EII","EII",55,55
"6",-49745.49,-50001.23,153,127,0.24,0.15,47,66,"EII","EII",66,66
"7",-49413.29,-49716.45,19,110,0.22,0.11,16,50,"EII","EII",77,77
"8",-49147.39,-49467.33,5,41,59.31,0.48,1,16,"EII","EII",88,88
"9",-48933.21,-49255.6,101,21,0.38,0.23,62,10,"EII","EII",99,99
"10",-48750.48,-49083.23,103,26,0.36,0.28,5,4,"EII","EII",110,110
