"","best_ll_s1","best_ll_s2","iter_best_s1","iter_best_s2","d_s1","d_s2","iter4sec_s1","iter4sec_s2","model_s1","model_s2","df_1","df_2"
"1",-1e+07,-1e+07,NA,NA,0,0,NA,NA,NA,NA,NA,NA
"2",-52263.92,-52386.96,175,106,0.01,0.01,104,15,"EII","EII",22,22
"3",-51512.68,-51703.52,81,196,0.09,0.01,55,171,"EII","EII",33,33
"4",-50777.02,-50944.3,39,188,0.08,0.02,31,74,"EII","EII",44,44
"5",-50059.06,-50387.9,23,190,0.01,0.01,21,32,"EII","EII",55,55
"6",-49745.43,-50001.3,168,141,0.01,0.17,35,114,"EII","EII",66,66
"7",-49413.31,-49716.58,21,93,0.11,0.08,3,22,"EII","EII",77,77
"8",-49147.64,-49467.57,40,183,0.32,0.06,8,60,"EII","EII",88,88
"9",-48932.54,-49255.38,50,9,0.81,0.96,39,5,"EII","EII",99,99
"10",-48751.31,-49083.05,157,53,0.44,0.17,7,9,"EII","EII",110,110
