"","best_ll_s1","best_ll_s2","iter_best_s1","iter_best_s2","d_s1","d_s2","iter4sec_s1","iter4sec_s2","model_s1","model_s2","df_1","df_2"
"1",-1e+07,-1e+07,NA,NA,0,0,NA,NA,NA,NA,NA,NA
"2",-52263.88,-52386.96,36,133,0.02,0.06,30,90,"EII","EII",22,22
"3",-51512.59,-51703.53,185,95,0.04,0,42,67,"EII","EII",33,33
"4",-50776.94,-50944.36,20,67,0.24,0.02,10,52,"EII","EII",44,44
"5",-50059.09,-50387.91,74,170,0.03,0.02,28,37,"EII","EII",55,55
"6",-49745.41,-50001.36,91,190,0.19,0.18,1,49,"EII","EII",66,66
"7",-49413.17,-49716.64,86,175,0.1,0.15,70,42,"EII","EII",77,77
"8",-49147.74,-49467.2,105,104,0.3,0.46,93,24,"EII","EII",88,88
"9",-48932.76,-49255.43,165,176,0.53,0.37,56,148,"EII","EII",99,99
"10",-48750.86,-49082.38,83,133,0.74,0.6,82,124,"EII","EII",110,110
