"","best_ll_s1","best_ll_s2","iter_best_s1","iter_best_s2","d_s1","d_s2","iter4sec_s1","iter4sec_s2","model_s1","model_s2","df_1","df_2"
"1",-1e+07,-1e+07,NA,NA,0,0,NA,NA,NA,NA,NA,NA
"2",-52263.88,-52386.96,28,141,0.09,0.03,22,134,"EII","EII",22,22
"3",-51512.4,-51703.49,64,63,0.33,0.08,49,30,"EII","EII",33,33
"4",-50776.99,-50944.32,142,183,0.12,0.03,20,43,"EII","EII",44,44
"5",-50058.98,-50387.82,31,158,0.1,0.06,28,138,"EII","EII",55,55
"6",-49745.49,-50001.4,23,36,0.53,0.06,22,1,"EII","EII",66,66
"7",-49413.46,-49716.53,78,117,0.08,0.07,39,106,"EII","EII",77,77
"8",-49147.57,-49467.6,59,118,0.44,0.02,51,75,"EII","EII",88,88
"9",-48932.54,-49255.75,198,4,0.08,1.51,175,3,"EII","EII",99,99
"10",-48750.83,-49082.97,186,118,0.73,0.3,17,12,"EII","EII",110,110
