"","best_ll_s1","best_ll_s2","iter_best_s1","iter_best_s2","d_s1","d_s2","iter4sec_s1","iter4sec_s2","model_s1","model_s2","df_1","df_2"
"1",-1e+07,-1e+07,NA,NA,0,0,NA,NA,NA,NA,NA,NA
"2",-52263.88,-52386.97,40,124,0.04,0.03,7,70,"EII","EII",22,22
"3",-51512.58,-51703.49,68,75,0.04,0.07,21,58,"EII","EII",33,33
"4",-50777.09,-50944.3,125,107,0.05,0.05,62,21,"EII","EII",44,44
"5",-50059,-50387.88,163,108,0.03,0.02,39,89,"EII","EII",55,55
"6",-49745.63,-50001.19,10,155,0.42,0.01,6,127,"EII","EII",66,66
"7",-49413.13,-49716.6,12,191,0.73,0.09,5,82,"EII","EII",77,77
"8",-49147.65,-49467.42,181,142,0.23,0.13,92,15,"EII","EII",88,88
"9",-48932.73,-49255.55,137,164,0.39,0.54,107,136,"EII","EII",99,99
"10",-48750.52,-49082.58,107,28,0.16,1.54,58,27,"EII","EII",110,110
