"","best_ll_s1","best_ll_s2","iter_best_s1","iter_best_s2","d_s1","d_s2","iter4sec_s1","iter4sec_s2","model_s1","model_s2","df_1","df_2"
"1",-1e+07,-1e+07,NA,NA,0,0,NA,NA,NA,NA,NA,NA
"2",-52263.88,-52386.97,126,101,0.01,0.01,98,71,"EII","EII",22,22
"3",-51512.72,-51703.47,84,109,0.08,0.08,52,40,"EII","EII",33,33
"4",-50777.07,-50944.36,149,179,0.06,0,13,32,"EII","EII",44,44
"5",-50059,-50387.82,165,53,0,0.13,55,6,"EII","EII",55,55
"6",-49745.5,-50001.24,119,97,0.33,0.13,69,24,"EII","EII",66,66
"7",-49413.28,-49716.45,158,115,0.09,0.11,56,107,"EII","EII",77,77
"8",-49147.63,-49467.59,167,31,0.38,0.05,7,25,"EII","EII",88,88
"9",-48932.75,-49255.63,53,15,0.42,0.74,17,4,"EII","EII",99,99
"10",-48750.62,-49083.17,184,57,0.14,0.58,43,56,"EII","EII",110,110
