"","best_ll_s1","best_ll_s2","iter_best_s1","iter_best_s2","d_s1","d_s2","iter4sec_s1","iter4sec_s2","model_s1","model_s2","df_1","df_2"
"1",-1e+07,-1e+07,NA,NA,0,0,NA,NA,NA,NA,NA,NA
"2",-52263.88,-52386.96,146,41,0.02,0.11,94,25,"EII","EII",22,22
"3",-51512.53,-51703.5,25,181,0.23,0.02,11,52,"EII","EII",33,33
"4",-50776.97,-50944.26,13,14,0.38,0.12,11,3,"EII","EII",44,44
"5",-50059.03,-50387.9,115,104,0,0.01,63,85,"EII","EII",55,55
"6",-49745.31,-50001.07,151,136,0.3,0.25,117,134,"EII","EII",66,66
"7",-49413,-49716.48,160,99,0.21,0.12,117,77,"EII","EII",77,77
"8",-49147.51,-49467.6,178,188,0.36,0.12,70,130,"EII","EII",88,88
"9",-48933.1,-49255.79,123,24,0.09,0.32,37,3,"EII","EII",99,99
"10",-48751.12,-49082.65,187,178,0.29,0.75,144,53,"EII","EII",110,110
