"","best_ll_s1","best_ll_s2","iter_best_s1","iter_best_s2","d_s1","d_s2","iter4sec_s1","iter4sec_s2","model_s1","model_s2","df_1","df_2"
"1",-1e+07,-1e+07,NA,NA,0,0,NA,NA,NA,NA,NA,NA
"2",-52263.88,-52386.97,151,154,0,0.01,39,120,"EII","EII",22,22
"3",-51512.54,-51703.54,135,198,0.12,0.03,18,37,"EII","EII",33,33
"4",-50777.06,-50944.31,63,187,0.06,0.06,11,44,"EII","EII",44,44
"5",-50059.01,-50387.88,151,163,0.02,0.03,82,127,"EII","EII",55,55
"6",-49745.37,-50001.36,146,6,0.1,0.01,116,3,"EII","EII",66,66
"7",-49413.06,-49716.67,193,110,0.35,0.15,132,33,"EII","EII",77,77
"8",-49147.72,-49467.61,193,12,0.07,1.58,142,8,"EII","EII",88,88
"9",-48932.75,-49255.59,123,104,0.49,0.05,119,16,"EII","EII",99,99
"10",-48750.57,-49082.42,173,25,1.06,1.43,48,24,"EII","EII",110,110
