"","best_ll_s1","best_ll_s2","iter_best_s1","iter_best_s2","d_s1","d_s2","iter4sec_s1","iter4sec_s2","model_s1","model_s2","df_1","df_2"
"1",-1e+07,-1e+07,NA,NA,0,0,NA,NA,NA,NA,NA,NA
"2",-52263.87,-52386.98,199,34,0,0.26,86,2,"EII","EII",22,22
"3",-51512.69,-51703.47,108,139,0,0.1,53,50,"EII","EII",33,33
"4",-50777.06,-50944.35,162,70,0.03,0.04,128,54,"EII","EII",44,44
"5",-50059.07,-50387.85,185,174,0.03,0.04,14,24,"EII","EII",55,55
"6",-49745.45,-50001.27,134,82,0.13,0.18,51,38,"EII","EII",66,66
"7",-49413.14,-49716.39,91,156,0.16,0.26,66,35,"EII","EII",77,77
"8",-49147.71,-49467.32,171,22,0.22,1.8,36,16,"EII","EII",88,88
"9",-48932.9,-49255.41,73,57,0.25,0.14,24,7,"EII","EII",99,99
"10",-48750.2,-49082.98,188,52,0.52,0.7,164,28,"EII","EII",110,110
