"","best_ll_s1","best_ll_s2","iter_best_s1","iter_best_s2","d_s1","d_s2","iter4sec_s1","iter4sec_s2","model_s1","model_s2","df_1","df_2"
"1",-1e+07,-1e+07,NA,NA,0,0,NA,NA,NA,NA,NA,NA
"2",-52263.88,-52386.95,144,125,0.01,0.01,133,107,"EII","EII",22,22
"3",-51512.58,-51703.51,71,114,0.16,0,21,114,"EII","EII",33,33
"4",-50777.03,-50944.3,143,157,0,0.04,143,118,"EII","EII",44,44
"5",-50059.04,-50387.86,104,126,0,0.02,104,34,"EII","EII",55,55
"6",-49745.43,-50001.33,96,12,0,0,96,12,"EII","EII",66,66
"7",-49413.04,-49716.45,194,51,0.06,0,129,51,"EII","EII",77,77
"8",-49147.71,-49467.44,181,99,0,0.09,181,32,"EII","EII",88,88
"9",-48933.08,-49255.44,115,57,0.21,0.68,67,48,"EII","EII",99,99
"10",-48750.93,-49082.75,22,85,0,0,22,85,"EII","EII",110,110
