"","best_ll_s1","best_ll_s2","iter_best_s1","iter_best_s2","d_s1","d_s2","iter4sec_s1","iter4sec_s2","model_s1","model_s2","df_1","df_2"
"1",-1e+07,-1e+07,NA,NA,0,0,NA,NA,NA,NA,NA,NA
"2",-52263.91,-52386.97,48,5,0.19,0.35,46,1,"EII","EII",22,22
"3",-51512.63,-51703.5,146,187,0.02,0.06,126,174,"EII","EII",33,33
"4",-50777.06,-50944.34,12,131,0.16,0.01,7,12,"EII","EII",44,44
"5",-50059.06,-50387.86,140,31,0.01,0.12,11,24,"EII","EII",55,55
"6",-49745.36,-50001.43,153,37,0.15,0.05,109,34,"EII","EII",66,66
"7",-49413.24,-49716.32,141,100,0.17,0.29,5,71,"EII","EII",77,77
"8",-49147.44,-49467.5,176,48,0.28,0.69,68,14,"EII","EII",88,88
"9",-48932.99,-49255.73,180,129,0.24,0.41,63,56,"EII","EII",99,99
"10",-48751.38,-49083.2,186,74,0.19,0.1,162,69,"EII","EII",110,110
