"","best_ll_s1","best_ll_s2","iter_best_s1","iter_best_s2","d_s1","d_s2","iter4sec_s1","iter4sec_s2","model_s1","model_s2","df_1","df_2"
"1",-1e+07,-1e+07,NA,NA,0,0,NA,NA,NA,NA,NA,NA
"2",-52263.87,-52386.97,80,184,0.08,0.01,72,5,"EII","EII",22,22
"3",-51512.55,-51703.49,82,151,0.2,0,2,67,"EII","EII",33,33
"4",-50777.11,-50944.29,150,123,0,0.04,3,119,"EII","EII",44,44
"5",-50058.96,-50387.76,36,44,0.18,0.13,28,34,"EII","EII",55,55
"6",-49745.34,-50001.37,174,134,0.16,0.04,132,9,"EII","EII",66,66
"7",-49413,-49716.46,12,69,0.58,0.17,3,14,"EII","EII",77,77
"8",-49147.43,-49467.67,41,100,0.58,0.09,37,83,"EII","EII",88,88
"9",-48933.1,-49255.75,66,138,0.12,0.02,2,66,"EII","EII",99,99
"10",-48751.48,-49082.95,162,15,0.24,21.38,87,8,"EII","EII",110,110
