"","best_ll_s1","best_ll_s2","iter_best_s1","iter_best_s2","d_s1","d_s2","iter4sec_s1","iter4sec_s2","model_s1","model_s2","df_1","df_2"
"1",-1e+07,-1e+07,NA,NA,0,0,NA,NA,NA,NA,NA,NA
"2",-52263.87,-52386.96,140,150,0.03,0.01,98,50,"EII","EII",22,22
"3",-51512.36,-51703.53,180,100,0.04,0.03,144,79,"EII","EII",33,33
"4",-50776.96,-50944.25,63,63,0.17,0.11,36,40,"EII","EII",44,44
"5",-50059.03,-50387.83,100,18,0.08,0.15,68,6,"EII","EII",55,55
"6",-49745.58,-50001.18,59,82,0.23,0.33,33,54,"EII","EII",66,66
"7",-49413.16,-49716.48,175,156,0.05,0.28,67,125,"EII","EII",77,77
"8",-49147.61,-49467.32,22,159,0.84,0.17,18,121,"EII","EII",88,88
"9",-48933.01,-49255.45,110,147,0.11,0.4,33,138,"EII","EII",99,99
"10",-48750.92,-49082.63,129,133,0.01,0.82,84,111,"EII","EII",110,110
