"","best_ll_s1","best_ll_s2","iter_best_s1","iter_best_s2","d_s1","d_s2","iter4sec_s1","iter4sec_s2","model_s1","model_s2","df_1","df_2"
"1",-1e+07,-1e+07,NA,NA,0,0,NA,NA,NA,NA,NA,NA
"2",-52263.9,-52386.96,115,83,0,0.07,4,65,"EII","EII",22,22
"3",-51512.48,-51703.51,107,94,0.18,0.04,7,78,"EII","EII",33,33
"4",-50777.11,-50944.32,195,43,0.03,0.07,175,16,"EII","EII",44,44
"5",-50059.02,-50387.92,161,164,0.01,0,141,120,"EII","EII",55,55
"6",-49745.36,-50001.35,127,21,0.34,0.14,5,3,"EII","EII",66,66
"7",-49413.06,-49716.59,109,190,0.23,0.07,42,146,"EII","EII",77,77
"8",-49147.64,-49467.34,196,79,0.12,0.61,42,37,"EII","EII",88,88
"9",-48932.82,-49255.79,68,80,0.02,0.46,11,50,"EII","EII",99,99
"10",-48750.89,-49083.13,68,36,0.45,1.85,10,26,"EII","EII",110,110
