"","best_ll_s1","best_ll_s2","iter_best_s1","iter_best_s2","d_s1","d_s2","iter4sec_s1","iter4sec_s2","model_s1","model_s2","df_1","df_2"
"1",-1e+07,-1e+07,NA,NA,0,0,NA,NA,NA,NA,NA,NA
"2",-52263.89,-52386.95,145,151,0.01,0.02,75,82,"EII","EII",22,22
"3",-51512.48,-51703.53,6,58,0.24,0.03,4,12,"EII","EII",33,33
"4",-50777.08,-50944.35,99,91,0.06,0.01,11,59,"EII","EII",44,44
"5",-50059.03,-50387.87,110,63,0.04,0.04,50,3,"EII","EII",55,55
"6",-49745.45,-50001.45,193,125,0.08,0.01,23,88,"EII","EII",66,66
"7",-49413.37,-49716.51,19,74,0.04,0.29,11,58,"EII","EII",77,77
"8",-49147.83,-49467.64,6,192,1.17,0.07,5,79,"EII","EII",88,88
"9",-48932.94,-49255.44,148,2,0.08,93.15,82,1,"EII","EII",99,99
"10",-48750.7,-49082.59,161,148,0.57,0.57,113,75,"EII","EII",110,110
