"","best_ll_s1","best_ll_s2","iter_best_s1","iter_best_s2","d_s1","d_s2","iter4sec_s1","iter4sec_s2","model_s1","model_s2","df_1","df_2"
"1",-1e+07,-1e+07,NA,NA,0,0,NA,NA,NA,NA,NA,NA
"2",-52263.87,-52386.98,154,23,0,0.03,122,8,"EII","EII",22,22
"3",-51512.57,-51703.48,6,116,0.57,0.02,1,40,"EII","EII",33,33
"4",-50777.01,-50944.31,39,199,0.06,0.02,3,82,"EII","EII",44,44
"5",-50059,-50387.9,177,82,0.02,0.04,133,56,"EII","EII",55,55
"6",-49745.26,-50001.43,158,96,0.02,0.02,88,87,"EII","EII",66,66
"7",-49413.15,-49716.49,34,41,0.27,0.53,30,34,"EII","EII",77,77
"8",-49147.45,-49467.34,174,142,0.18,0.34,147,124,"EII","EII",88,88
"9",-48933.21,-49255.63,199,77,0.04,0.26,169,56,"EII","EII",99,99
"10",-48750.27,-49083.29,145,134,0.49,0.14,71,4,"EII","EII",110,110
