"","best_ll_s1","best_ll_s2","iter_best_s1","iter_best_s2","d_s1","d_s2","iter4sec_s1","iter4sec_s2","model_s1","model_s2","df_1","df_2"
"1",-1e+07,-1e+07,NA,NA,0,0,NA,NA,NA,NA,NA,NA
"2",-52263.87,-52386.98,24,196,0.05,0,12,24,"EII","EII",22,22
"3",-51512.55,-51703.55,10,95,0.27,0.03,6,90,"EII","EII",33,33
"4",-50777.07,-50944.3,148,3,0.02,0.38,127,2,"EII","EII",44,44
"5",-50059.06,-50387.89,25,3,0.07,0.55,1,1,"EII","EII",55,55
"6",-49745.53,-50001.19,42,180,0.26,0.23,18,81,"EII","EII",66,66
"7",-49413.21,-49716.51,185,177,0.09,0.06,125,19,"EII","EII",77,77
"8",-49147.39,-49467.53,168,73,0.07,0.03,6,16,"EII","EII",88,88
"9",-48932.59,-49255.7,153,66,0.21,0.56,1,12,"EII","EII",99,99
"10",-48751.28,-49082.4,174,72,0.22,1.17,79,16,"EII","EII",110,110
