"","best_ll_s1","best_ll_s2","iter_best_s1","iter_best_s2","d_s1","d_s2","iter4sec_s1","iter4sec_s2","model_s1","model_s2","df_1","df_2"
"1",-1e+07,-1e+07,NA,NA,0,0,NA,NA,NA,NA,NA,NA
"2",-52263.88,-52386.98,70,55,0.03,0.12,33,51,"EII","EII",22,22
"3",-51512.33,-51703.55,198,197,0.35,0.04,79,192,"EII","EII",33,33
"4",-50777.09,-50944.31,162,13,0,0.22,90,4,"EII","EII",44,44
"5",-50059.08,-50387.88,48,98,0.06,0.06,26,37,"EII","EII",55,55
"6",-49745.26,-50001.34,160,82,0.24,0.04,16,30,"EII","EII",66,66
"7",-49413.28,-49716.45,1,2,48955623.28,26.95,0,1,"EII","EII",77,77
"8",-49147.75,-49467.52,38,162,1.28,0.01,18,48,"EII","EII",88,88
"9",-48932.99,-49255.89,10,162,0.22,0.08,5,16,"EII","EII",99,99
"10",-48750.62,-49082.95,137,118,0.37,0.54,107,29,"EII","EII",110,110
