"","best_ll_s1","best_ll_s2","iter_best_s1","iter_best_s2","d_s1","d_s2","iter4sec_s1","iter4sec_s2","model_s1","model_s2","df_1","df_2"
"1",-1e+07,-1e+07,NA,NA,0,0,NA,NA,NA,NA,NA,NA
"2",-52263.9,-52386.97,64,66,0.15,0.03,16,55,"EII","EII",22,22
"3",-51512.23,-51703.51,158,11,0.4,0,42,7,"EII","EII",33,33
"4",-50777.07,-50944.33,67,103,0.02,0.03,22,52,"EII","EII",44,44
"5",-50059.02,-50387.9,122,109,0.04,0,6,32,"EII","EII",55,55
"6",-49745.44,-50001.28,188,120,0.19,0.05,95,61,"EII","EII",66,66
"7",-49413.13,-49716.56,78,23,0.44,0.24,30,5,"EII","EII",77,77
"8",-49147.69,-49467.35,167,29,0.07,0.16,69,12,"EII","EII",88,88
"9",-48932.64,-49256.05,46,22,0.78,0.28,34,7,"EII","EII",99,99
"10",-48750.95,-49082.62,15,29,1.11,22.56,6,11,"EII","EII",110,110
