"","best_ll_s1","best_ll_s2","iter_best_s1","iter_best_s2","d_s1","d_s2","iter4sec_s1","iter4sec_s2","model_s1","model_s2","df_1","df_2"
"1",-1e+07,-1e+07,NA,NA,0,0,NA,NA,NA,NA,NA,NA
"2",-52263.88,-52386.97,131,42,0,0.06,25,6,"EII","EII",22,22
"3",-51512.42,-51703.52,116,50,0.21,0.07,96,23,"EII","EII",33,33
"4",-50777.06,-50944.29,21,175,0.2,0.06,20,75,"EII","EII",44,44
"5",-50058.88,-50387.78,104,119,0.18,0.12,25,67,"EII","EII",55,55
"6",-49745.29,-50001.27,176,178,0.34,0.06,63,135,"EII","EII",66,66
"7",-49413.13,-49716.63,188,155,0.08,0.03,11,137,"EII","EII",77,77
"8",-49147.45,-49467.5,33,149,2.41,0.07,31,123,"EII","EII",88,88
"9",-48933.11,-49255.65,119,33,0.3,0.29,23,21,"EII","EII",99,99
"10",-48750.58,-49082.82,70,126,1.48,0.06,68,30,"EII","EII",110,110
