"","best_ll_s1","best_ll_s2","iter_best_s1","iter_best_s2","d_s1","d_s2","iter4sec_s1","iter4sec_s2","model_s1","model_s2","df_1","df_2"
"1",-1e+07,-1e+07,NA,NA,0,0,NA,NA,NA,NA,NA,NA
"2",-52263.87,-52386.97,115,64,0.03,0.01,48,51,"EII","EII",22,22
"3",-51512.54,-51703.53,33,99,0.17,0,16,67,"EII","EII",33,33
"4",-50777.03,-50944.31,122,28,0.09,0.16,97,26,"EII","EII",44,44
"5",-50059.1,-50387.86,21,18,0.02,0.16,12,16,"EII","EII",55,55
"6",-49745.45,-50001.35,106,106,0.28,0.01,48,68,"EII","EII",66,66
"7",-49413.09,-49716.55,7,31,0.53,0.12,4,25,"EII","EII",77,77
"8",-49147.7,-49467.47,112,4,0.34,53.37,18,3,"EII","EII",88,88
"9",-48932.85,-49255.31,129,45,0.43,0.03,80,17,"EII","EII",99,99
"10",-48750.6,-49083.34,31,194,1.62,0.05,29,96,"EII","EII",110,110
