"","best_ll_s1","best_ll_s2","iter_best_s1","iter_best_s2","d_s1","d_s2","iter4sec_s1","iter4sec_s2","model_s1","model_s2","df_1","df_2"
"1",-1e+07,-1e+07,NA,NA,0,0,NA,NA,NA,NA,NA,NA
"2",-52263.87,-52386.95,77,58,0.03,0.03,56,45,"EII","EII",22,22
"3",-51512.34,-51703.47,77,135,0.22,0.01,9,66,"EII","EII",33,33
"4",-50777.02,-50944.33,112,99,0.07,0.02,92,97,"EII","EII",44,44
"5",-50058.95,-50387.84,199,35,0.1,0.11,160,18,"EII","EII",55,55
"6",-49745.6,-50001.39,195,12,0.02,0.27,123,3,"EII","EII",66,66
"7",-49413.19,-49716.59,40,199,0.32,0.01,10,33,"EII","EII",77,77
"8",-49147.42,-49467.53,139,62,0.32,0.16,44,35,"EII","EII",88,88
"9",-48932.85,-49255.42,101,176,0.36,0.46,65,62,"EII","EII",99,99
"10",-48750.44,-49082.52,166,15,0.54,0.74,150,8,"EII","EII",110,110
