"","best_ll_s1","best_ll_s2","iter_best_s1","iter_best_s2","d_s1","d_s2","iter4sec_s1","iter4sec_s2","model_s1","model_s2","df_1","df_2"
"1",-1e+07,-1e+07,NA,NA,0,0,NA,NA,NA,NA,NA,NA
"2",-52263.87,-52387.01,153,98,0.01,0.01,133,59,"EII","EII",22,22
"3",-51512.34,-51703.5,86,136,0.43,0.08,39,116,"EII","EII",33,33
"4",-50777,-50944.36,24,72,0.07,0.02,20,15,"EII","EII",44,44
"5",-50059.03,-50387.87,199,73,0.04,0,129,15,"EII","EII",55,55
"6",-49745.58,-50001.34,118,40,0.27,0.12,10,22,"EII","EII",66,66
"7",-49413.17,-49716.47,43,184,0.25,0.07,29,60,"EII","EII",77,77
"8",-49147.71,-49467.32,143,119,0,0.11,7,4,"EII","EII",88,88
"9",-48932.81,-49255.72,86,40,0.32,0.56,30,29,"EII","EII",99,99
"10",-48750.49,-49083.09,105,147,1.09,0.12,53,53,"EII","EII",110,110
