"","best_ll_s1","best_ll_s2","iter_best_s1","iter_best_s2","d_s1","d_s2","iter4sec_s1","iter4sec_s2","model_s1","model_s2","df_1","df_2"
"1",-1e+07,-1e+07,NA,NA,0,0,NA,NA,NA,NA,NA,NA
"2",-52263.87,-52387,143,68,0.02,0.03,67,66,"EII","EII",22,22
"3",-51512.44,-51703.5,158,5,0.22,0.3,102,1,"EII","EII",33,33
"4",-50777.09,-50944.31,121,170,0.01,0.03,27,91,"EII","EII",44,44
"5",-50059.02,-50387.88,59,113,0.09,0.07,28,71,"EII","EII",55,55
"6",-49745.42,-50001.34,40,128,0.06,0.02,9,89,"EII","EII",66,66
"7",-49413.24,-49716.67,53,25,0.12,0.52,47,9,"EII","EII",77,77
"8",-49147.5,-49467.46,84,82,0,0.25,6,64,"EII","EII",88,88
"9",-48932.66,-49255.62,127,100,0.12,0.16,16,72,"EII","EII",99,99
"10",-48749.99,-49083.3,84,143,1.41,0.12,6,137,"EII","EII",110,110
