"","best_ll_s1","best_ll_s2","iter_best_s1","iter_best_s2","d_s1","d_s2","iter4sec_s1","iter4sec_s2","model_s1","model_s2","df_1","df_2"
"1",-1e+07,-1e+07,NA,NA,0,0,NA,NA,NA,NA,NA,NA
"2",-52263.88,-52386.98,111,59,0.05,0.05,33,33,"EII","EII",22,22
"3",-51512.33,-51703.45,133,107,0.11,0.05,111,2,"EII","EII",33,33
"4",-50777.1,-50944.27,25,180,0.16,0.03,19,67,"EII","EII",44,44
"5",-50059.05,-50387.88,26,108,0.02,0.02,15,60,"EII","EII",55,55
"6",-49745.42,-50001.33,74,196,0.35,0.07,50,120,"EII","EII",66,66
"7",-49413.23,-49716.45,199,70,0.13,0.3,36,29,"EII","EII",77,77
"8",-49147.41,-49467.61,36,89,0.52,0.1,31,1,"EII","EII",88,88
"9",-48932.55,-49255.49,24,159,0.6,0.32,9,13,"EII","EII",99,99
"10",-48750.93,-49082.94,44,53,1.04,1.4,19,5,"EII","EII",110,110
