"","best_ll_s1","best_ll_s2","iter_best_s1","iter_best_s2","d_s1","d_s2","iter4sec_s1","iter4sec_s2","model_s1","model_s2","df_1","df_2"
"1",-1e+07,-1e+07,NA,NA,0,0,NA,NA,NA,NA,NA,NA
"2",-52263.87,-52386.95,58,160,0.04,0.06,28,39,"EII","EII",22,22
"3",-51512.65,-51703.5,196,165,0.05,0.08,187,28,"EII","EII",33,33
"4",-50777.13,-50944.27,144,152,0.02,0.04,39,76,"EII","EII",44,44
"5",-50059.01,-50387.89,83,52,0.07,0.11,31,28,"EII","EII",55,55
"6",-49745.28,-50001.38,7,173,0.68,0,6,30,"EII","EII",66,66
"7",-49413.22,-49716.59,23,83,0.47,0.04,4,32,"EII","EII",77,77
"8",-49147.71,-49467.43,195,25,0,0.71,117,24,"EII","EII",88,88
"9",-48932.73,-49255.62,12,133,0.51,0.44,9,52,"EII","EII",99,99
"10",-48750.83,-49083.38,200,107,0.16,0.02,169,24,"EII","EII",110,110
