"","best_ll_s1","best_ll_s2","iter_best_s1","iter_best_s2","d_s1","d_s2","iter4sec_s1","iter4sec_s2","model_s1","model_s2","df_1","df_2"
"1",-1e+07,-1e+07,NA,NA,0,0,NA,NA,NA,NA,NA,NA
"2",-52263.88,-52386.97,33,94,0.03,0,24,63,"EII","EII",22,22
"3",-51512.68,-51703.54,82,78,0.04,0.03,67,8,"EII","EII",33,33
"4",-50777.02,-50944.25,151,118,0.06,0.09,85,89,"EII","EII",44,44
"5",-50059.01,-50387.88,158,85,0.07,0,151,28,"EII","EII",55,55
"6",-49745.7,-50001.26,190,2,0.04,340.83,6,1,"EII","EII",66,66
"7",-49413.08,-49716.57,14,81,0.37,0.12,5,11,"EII","EII",77,77
"8",-49147.56,-49467.49,132,27,0.22,1.28,50,22,"EII","EII",88,88
"9",-48932.67,-49255.54,44,8,1.29,30.95,34,2,"EII","EII",99,99
"10",-48751.06,-49082.31,53,160,0.47,0.91,33,131,"EII","EII",110,110
