"","best_ll_s1","best_ll_s2","iter_best_s1","iter_best_s2","d_s1","d_s2","iter4sec_s1","iter4sec_s2","model_s1","model_s2","df_1","df_2"
"1",-1e+07,-1e+07,NA,NA,0,0,NA,NA,NA,NA,NA,NA
"2",-52263.88,-52386.96,80,55,0.07,0.27,46,37,"EII","EII",22,22
"3",-51512.7,-51703.45,22,61,0.34,0.13,16,15,"EII","EII",33,33
"4",-50777.04,-50944.33,7,179,0.2,0.02,4,45,"EII","EII",44,44
"5",-50058.97,-50387.83,142,192,0.04,0.06,90,79,"EII","EII",55,55
"6",-49745.38,-50001.46,58,200,0.81,0.04,41,37,"EII","EII",66,66
"7",-49413.14,-49716.49,20,200,0.2,0.18,13,138,"EII","EII",77,77
"8",-49147.75,-49467.46,14,22,0.47,0.54,5,14,"EII","EII",88,88
"9",-48933.1,-49255.47,93,53,0.02,0.9,63,15,"EII","EII",99,99
"10",-48750.76,-49082.36,8,176,1.56,0.33,5,63,"EII","EII",110,110
