"","best_ll_s1","best_ll_s2","iter_best_s1","iter_best_s2","d_s1","d_s2","iter4sec_s1","iter4sec_s2","model_s1","model_s2","df_1","df_2"
"1",-1e+07,-1e+07,NA,NA,0,0,NA,NA,NA,NA,NA,NA
"2",-52263.88,-52386.97,112,181,0.07,0,85,81,"EII","EII",22,22
"3",-51512.49,-51703.49,181,147,0.07,0.01,180,28,"EII","EII",33,33
"4",-50777.01,-50944.34,107,177,0.03,0.01,3,13,"EII","EII",44,44
"5",-50059.02,-50387.84,78,153,0.11,0.05,1,66,"EII","EII",55,55
"6",-49745.27,-50001.39,142,185,0.03,0.08,71,83,"EII","EII",66,66
"7",-49413.17,-49716.61,69,38,0.08,0.24,14,25,"EII","EII",77,77
"8",-49147.54,-49467.5,34,107,0.55,0.27,18,104,"EII","EII",88,88
"9",-48932.7,-49255.9,113,14,0.37,0.96,26,13,"EII","EII",99,99
"10",-48750.67,-49082.63,125,123,0.15,0.36,70,91,"EII","EII",110,110
