"","best_ll_s1","best_ll_s2","iter_best_s1","iter_best_s2","d_s1","d_s2","iter4sec_s1","iter4sec_s2","model_s1","model_s2","df_1","df_2"
"1",-1e+07,-1e+07,NA,NA,0,0,NA,NA,NA,NA,NA,NA
"2",-52263.88,-52386.96,93,25,0,0.06,75,16,"EII","EII",22,22
"3",-51512.61,-51703.53,74,59,0.01,0.01,21,27,"EII","EII",33,33
"4",-50777.04,-50944.28,74,165,0.08,0.04,3,23,"EII","EII",44,44
"5",-50058.99,-50387.92,112,165,0.11,0.01,27,46,"EII","EII",55,55
"6",-49745.62,-50001.36,43,128,0.26,0.01,42,49,"EII","EII",66,66
"7",-49413.26,-49716.39,67,155,0.04,0.1,66,93,"EII","EII",77,77
"8",-49147.56,-49467.36,87,160,0.05,0.39,64,111,"EII","EII",88,88
"9",-48933.09,-49255.51,106,71,0.19,0.06,6,67,"EII","EII",99,99
"10",-48750.4,-49082.94,182,82,0.66,0.22,44,65,"EII","EII",110,110
