"","best_ll_s1","best_ll_s2","iter_best_s1","iter_best_s2","d_s1","d_s2","iter4sec_s1","iter4sec_s2","model_s1","model_s2","df_1","df_2"
"1",-1e+07,-1e+07,NA,NA,0,0,NA,NA,NA,NA,NA,NA
"2",-52263.88,-52386.98,25,50,0,0.01,35,15,"EII","EII",22,22
"3",-51512.68,-51703.56,54,80,0,0,54,80,"EII","EII",33,33
"4",-50776.98,-50944.32,30,158,0.15,0.03,12,75,"EII","EII",44,44
"5",-50058.92,-50387.89,81,78,0,0,81,78,"EII","EII",55,55
"6",-49745.63,-50001.36,164,121,0.19,0,115,127,"EII","EII",66,66
"7",-49413.18,-49716.53,199,111,0.24,0.02,120,68,"EII","EII",77,77
"8",-49147.67,-49467.29,48,195,0,0.11,48,17,"EII","EII",88,88
"9",-48932.76,-49255.62,23,148,0.79,0.28,17,115,"EII","EII",99,99
"10",-48750.86,-49082.67,178,69,0,0.6,178,42,"EII","EII",110,110
