"","best_ll_s1","best_ll_s2","iter_best_s1","iter_best_s2","d_s1","d_s2","iter4sec_s1","iter4sec_s2","model_s1","model_s2","df_1","df_2"
"1",-1e+07,-1e+07,NA,NA,0,0,NA,NA,NA,NA,NA,NA
"2",-52263.87,-52386.95,73,108,0.1,0.02,29,42,"EII","EII",22,22
"3",-51512.53,-51703.54,64,193,0.04,0.01,29,106,"EII","EII",33,33
"4",-50777.03,-50944.31,178,23,0.09,0.11,26,5,"EII","EII",44,44
"5",-50059.04,-50387.8,29,78,0.02,0.09,4,19,"EII","EII",55,55
"6",-49745.45,-50001.34,165,149,0.23,0.03,40,25,"EII","EII",66,66
"7",-49413.18,-49716.43,156,13,0.28,0.95,103,12,"EII","EII",77,77
"8",-49147.53,-49467.34,184,197,0.18,0.1,128,165,"EII","EII",88,88
"9",-48933.14,-49255.66,44,121,0.29,0.2,6,4,"EII","EII",99,99
"10",-48750.62,-49083.05,88,5,0.08,26.03,42,4,"EII","EII",110,110
