"","best_ll_s1","best_ll_s2","iter_best_s1","iter_best_s2","d_s1","d_s2","iter4sec_s1","iter4sec_s2","model_s1","model_s2","df_1","df_2"
"1",-1e+07,-1e+07,NA,NA,0,0,NA,NA,NA,NA,NA,NA
"2",-52263.9,-52387,33,122,0.25,0.02,7,43,"EII","EII",22,22
"3",-51512.57,-51703.49,141,109,0.13,0.03,138,32,"EII","EII",33,33
"4",-50777.11,-50944.3,86,6,0.03,0.12,16,1,"EII","EII",44,44
"5",-50059.05,-50387.92,33,133,0.1,0.03,1,11,"EII","EII",55,55
"6",-49745.56,-50001.39,121,152,0.17,0.07,106,150,"EII","EII",66,66
"7",-49413.41,-49716.63,178,89,0.01,0.02,103,85,"EII","EII",77,77
"8",-49147.49,-49467.3,188,142,0.19,0.11,108,17,"EII","EII",88,88
"9",-48932.49,-49255.64,77,128,0.78,0.19,70,24,"EII","EII",99,99
"10",-48750.42,-49082.82,77,149,0.37,0.6,30,54,"EII","EII",110,110
