"","best_ll_s1","best_ll_s2","iter_best_s1","iter_best_s2","d_s1","d_s2","iter4sec_s1","iter4sec_s2","model_s1","model_s2","df_1","df_2"
"1",-1e+07,-1e+07,NA,NA,0,0,NA,NA,NA,NA,NA,NA
"2",-52263.89,-52386.98,44,187,0.05,0.01,15,173,"EII","EII",22,22
"3",-51512.55,-51703.54,110,140,0.21,0.02,3,78,"EII","EII",33,33
"4",-50777.08,-50944.31,70,57,0.06,0.03,2,20,"EII","EII",44,44
"5",-50059.04,-50387.88,38,163,0.02,0.01,10,105,"EII","EII",55,55
"6",-49745.49,-50001.36,145,59,0.08,0.08,81,26,"EII","EII",66,66
"7",-49413.34,-49716.34,159,178,0.02,0.19,50,83,"EII","EII",77,77
"8",-49147.55,-49467.59,172,189,0.04,0.02,131,125,"EII","EII",88,88
"9",-48933.02,-49255.78,102,118,0.35,0.06,96,112,"EII","EII",99,99
"10",-48749.75,-49082.78,100,111,1.38,1.07,44,30,"EII","EII",110,110
