"","best_ll_s1","best_ll_s2","iter_best_s1","iter_best_s2","d_s1","d_s2","iter4sec_s1","iter4sec_s2","model_s1","model_s2","df_1","df_2"
"1",-1e+07,-1e+07,NA,NA,0,0,NA,NA,NA,NA,NA,NA
"2",-52263.9,-52386.96,71,28,0.01,0.01,5,3,"EII","EII",22,22
"3",-51512.58,-51703.5,132,76,0.26,0.04,34,23,"EII","EII",33,33
"4",-50777.04,-50944.32,152,93,0.07,0.04,99,65,"EII","EII",44,44
"5",-50059.05,-50387.81,125,71,0.04,0.08,85,16,"EII","EII",55,55
"6",-49745.47,-50001.28,146,166,0.13,0.03,81,93,"EII","EII",66,66
"7",-49413.07,-49716.6,38,126,0.47,0.08,33,106,"EII","EII",77,77
"8",-49147.82,-49467.48,73,171,0.21,0.45,25,58,"EII","EII",88,88
"9",-48932.69,-49255.69,11,71,0.57,0.12,1,53,"EII","EII",99,99
"10",-48751.23,-49082.67,47,171,0.26,0.66,39,66,"EII","EII",110,110
