"","best_ll_s1","best_ll_s2","iter_best_s1","iter_best_s2","d_s1","d_s2","iter4sec_s1","iter4sec_s2","model_s1","model_s2","df_1","df_2"
"1",-1e+07,-1e+07,NA,NA,0,0,NA,NA,NA,NA,NA,NA
"2",-52263.86,-52386.96,9,25,0.11,0.08,2,4,"EII","EII",22,22
"3",-51512.35,-51703.51,156,53,0.26,0.11,76,22,"EII","EII",33,33
"4",-50777.08,-50944.35,83,126,0.02,0.01,29,113,"EII","EII",44,44
"5",-50059.02,-50387.87,105,179,0.07,0.02,4,146,"EII","EII",55,55
"6",-49745.38,-50001.35,30,72,0.48,0.08,7,17,"EII","EII",66,66
"7",-49413.12,-49716.37,79,155,0.01,0.36,35,46,"EII","EII",77,77
"8",-49147.5,-49467.38,171,160,0.01,0.19,61,30,"EII","EII",88,88
"9",-48932.77,-49255.42,87,119,0.36,0.44,16,18,"EII","EII",99,99
"10",-48750.77,-49082.97,197,124,0.47,0.83,33,66,"EII","EII",110,110
