"","best_ll_s1","best_ll_s2","iter_best_s1","iter_best_s2","d_s1","d_s2","iter4sec_s1","iter4sec_s2","model_s1","model_s2","df_1","df_2"
"1",-1e+07,-1e+07,NA,NA,0,0,NA,NA,NA,NA,NA,NA
"2",-52263.87,-52386.97,124,92,0.02,0.03,72,57,"EII","EII",22,22
"3",-51512.48,-51703.5,12,162,0.86,0.01,10,74,"EII","EII",33,33
"4",-50777.09,-50944.32,129,135,0.02,0.04,52,51,"EII","EII",44,44
"5",-50059,-50387.88,76,45,0.07,0.09,69,20,"EII","EII",55,55
"6",-49745.43,-50001.35,183,166,0.03,0.01,29,163,"EII","EII",66,66
"7",-49413.04,-49716.46,18,51,0.38,0.19,9,25,"EII","EII",77,77
"8",-49147.52,-49467.35,4,105,11.5,0.38,1,26,"EII","EII",88,88
"9",-48932.86,-49255.77,96,47,0.22,0.51,22,24,"EII","EII",99,99
"10",-48750.35,-49082.64,188,136,0.27,0.09,185,78,"EII","EII",110,110
