"","best_ll_s1","best_ll_s2","iter_best_s1","iter_best_s2","d_s1","d_s2","iter4sec_s1","iter4sec_s2","model_s1","model_s2","df_1","df_2"
"1",-1e+07,-1e+07,NA,NA,0,0,NA,NA,NA,NA,NA,NA
"2",-52263.87,-52386.98,169,191,0.02,0,78,175,"EII","EII",22,22
"3",-51512.43,-51703.47,43,173,0.13,0.03,16,65,"EII","EII",33,33
"4",-50777.04,-50944.35,181,171,0.01,0.02,88,89,"EII","EII",44,44
"5",-50059.03,-50387.82,60,158,0.02,0.06,58,82,"EII","EII",55,55
"6",-49745.44,-50001.38,162,130,0.13,0.03,145,104,"EII","EII",66,66
"7",-49413.2,-49716.47,141,88,0.03,0.08,104,24,"EII","EII",77,77
"8",-49147.32,-49467.71,52,181,0.02,0.01,12,51,"EII","EII",88,88
"9",-48932.6,-49255.52,75,177,0.26,0.62,5,51,"EII","EII",99,99
"10",-48750.63,-49082.31,117,10,0.05,26.52,32,7,"EII","EII",110,110
