"","best_ll_s1","best_ll_s2","iter_best_s1","iter_best_s2","d_s1","d_s2","iter4sec_s1","iter4sec_s2","model_s1","model_s2","df_1","df_2"
"1",-1e+07,-1e+07,NA,NA,0,0,NA,NA,NA,NA,NA,NA
"2",-52263.88,-52386.98,33,160,0.26,0.02,26,82,"EII","EII",22,22
"3",-51512.56,-51703.49,130,94,0.13,0.02,99,59,"EII","EII",33,33
"4",-50776.97,-50944.33,57,91,0.15,0.01,43,27,"EII","EII",44,44
"5",-50059.02,-50387.87,149,116,0,0.01,106,36,"EII","EII",55,55
"6",-49745.43,-50001.41,44,117,0.25,0,17,26,"EII","EII",66,66
"7",-49413.05,-49716.41,154,186,0.2,0.08,39,98,"EII","EII",77,77
"8",-49147.53,-49467.54,176,130,0.33,0.26,48,114,"EII","EII",88,88
"9",-48933.06,-49255.68,59,9,0.46,1.52,40,5,"EII","EII",99,99
"10",-48751.1,-49082.51,44,8,0.15,23.45,24,6,"EII","EII",110,110
