"","best_ll_s1","best_ll_s2","iter_best_s1","iter_best_s2","d_s1","d_s2","iter4sec_s1","iter4sec_s2","model_s1","model_s2","df_1","df_2"
"1",-1e+07,-1e+07,NA,NA,0,0,NA,NA,NA,NA,NA,NA
"2",-52263.9,-52386.99,56,195,0.06,0.03,48,23,"EII","EII",22,22
"3",-51512.5,-51703.5,184,104,0.11,0.05,138,61,"EII","EII",33,33
"4",-50776.94,-50944.35,171,75,0.1,0.01,30,38,"EII","EII",44,44
"5",-50059.06,-50387.92,161,162,0,0,151,158,"EII","EII",55,55
"6",-49745.5,-50001.28,113,116,0.06,0.1,70,89,"EII","EII",66,66
"7",-49413.05,-49716.45,68,140,0.39,0.33,45,119,"EII","EII",77,77
"8",-49147.66,-49467.44,64,155,0.12,0.1,56,50,"EII","EII",88,88
"9",-48933,-49255.54,30,48,0.65,0.19,27,20,"EII","EII",99,99
"10",-48750.61,-49083.37,139,72,0.17,0.13,30,25,"EII","EII",110,110
