"","best_ll_s1","best_ll_s2","iter_best_s1","iter_best_s2","d_s1","d_s2","iter4sec_s1","iter4sec_s2","model_s1","model_s2","df_1","df_2"
"1",-1e+07,-1e+07,NA,NA,0,0,NA,NA,NA,NA,NA,NA
"2",-52263.88,-52386.97,86,107,0.01,0.01,72,98,"EII","EII",22,22
"3",-51512.4,-51703.54,66,21,0.47,0.03,50,19,"EII","EII",33,33
"4",-50777.07,-50944.23,22,143,0.08,0.1,4,23,"EII","EII",44,44
"5",-50059.06,-50387.87,147,82,0.03,0,125,62,"EII","EII",55,55
"6",-49745.3,-50001.34,62,50,0.52,0,49,36,"EII","EII",66,66
"7",-49412.88,-49716.44,177,16,0.48,0.35,98,7,"EII","EII",77,77
"8",-49147.36,-49467.28,109,160,0.31,0.02,17,5,"EII","EII",88,88
"9",-48932.87,-49255.8,80,165,0.44,0.31,66,154,"EII","EII",99,99
"10",-48750.87,-49082.91,101,101,0.29,0.34,78,22,"EII","EII",110,110
