"","best_ll_s1","best_ll_s2","iter_best_s1","iter_best_s2","d_s1","d_s2","iter4sec_s1","iter4sec_s2","model_s1","model_s2","df_1","df_2"
"1",-1e+07,-1e+07,NA,NA,0,0,NA,NA,NA,NA,NA,NA
"2",-52263.88,-52386.99,7,130,0.33,0,1,32,"EII","EII",22,22
"3",-51512.45,-51703.5,177,156,0.12,0.04,74,128,"EII","EII",33,33
"4",-50777.05,-50944.35,66,9,0.07,0.04,42,5,"EII","EII",44,44
"5",-50059.11,-50387.87,129,70,0,0.09,116,54,"EII","EII",55,55
"6",-49746.46,-50001.19,6,199,0,0.18,1,2,"EII","EII",66,66
"7",-49413.19,-49716.46,52,106,0.52,0.4,34,60,"EII","EII",77,77
"8",-49147.91,-49467.44,79,173,0.04,0.18,46,152,"EII","EII",88,88
"9",-48933.03,-49255.72,16,9,2.53,0.36,2,5,"EII","EII",99,99
"10",-48750.57,-49082.61,68,6,0.44,23.08,16,2,"EII","EII",110,110
