"","best_ll_s1","best_ll_s2","iter_best_s1","iter_best_s2","d_s1","d_s2","iter4sec_s1","iter4sec_s2","model_s1","model_s2","df_1","df_2"
"1",-1e+07,-1e+07,NA,NA,0,0,NA,NA,NA,NA,NA,NA
"2",-52263.87,-52386.99,24,69,0.29,0.01,18,37,"EII","EII",22,22
"3",-51512.51,-51703.48,117,137,0.18,0.1,100,24,"EII","EII",33,33
"4",-50777,-50944.32,109,52,0.08,0.01,35,31,"EII","EII",44,44
"5",-50059.04,-50387.83,133,39,0.02,0.22,101,3,"EII","EII",55,55
"6",-49745.4,-50001.36,196,58,0.1,0.01,89,39,"EII","EII",66,66
"7",-49413.01,-49716.69,9,156,0.97,0.02,3,81,"EII","EII",77,77
"8",-49147.7,-49467.72,119,127,0.04,0.14,93,90,"EII","EII",88,88
"9",-48932.77,-49255.76,183,6,0.17,0.06,82,2,"EII","EII",99,99
"10",-48750.61,-49082.78,164,135,0.89,0.8,7,71,"EII","EII",110,110
