"","best_ll_s1","best_ll_s2","iter_best_s1","iter_best_s2","d_s1","d_s2","iter4sec_s1","iter4sec_s2","model_s1","model_s2","df_1","df_2"
"1",-1e+07,-1e+07,NA,NA,0,0,NA,NA,NA,NA,NA,NA
"2",-52263.89,-52386.97,69,14,0.06,0.11,46,6,"EII","EII",22,22
"3",-51512.36,-51703.56,92,73,0.32,0.07,68,49,"EII","EII",33,33
"4",-50777.11,-50944.34,163,27,0.02,0.19,12,24,"EII","EII",44,44
"5",-50058.99,-50387.77,55,76,0.11,0.19,38,61,"EII","EII",55,55
"6",-49745.25,-50001.24,150,126,0,0.13,4,27,"EII","EII",66,66
"7",-49413.16,-49716.47,118,65,0.14,0.33,26,8,"EII","EII",77,77
"8",-49147.91,-49467.6,62,83,0.3,0.12,2,57,"EII","EII",88,88
"9",-48932.57,-49255.77,19,198,0.43,0.01,15,58,"EII","EII",99,99
"10",-48750.83,-49082.44,156,164,0.1,0.3,28,124,"EII","EII",110,110
