"","best_ll_s1","best_ll_s2","iter_best_s1","iter_best_s2","d_s1","d_s2","iter4sec_s1","iter4sec_s2","model_s1","model_s2","df_1","df_2"
"1",-1e+07,-1e+07,NA,NA,0,0,NA,NA,NA,NA,NA,NA
"2",-52263.89,-52386.96,62,30,0,0.03,37,6,"EII","EII",22,22
"3",-51512.49,-51703.54,114,161,0.33,0,68,87,"EII","EII",33,33
"4",-50777.08,-50944.36,108,126,0.01,0.01,44,120,"EII","EII",44,44
"5",-50059,-50387.88,108,89,0.05,0.03,67,40,"EII","EII",55,55
"6",-49745.45,-50001.2,65,107,0.17,0.15,15,77,"EII","EII",66,66
"7",-49413.29,-49716.46,188,64,0.01,0.17,17,13,"EII","EII",77,77
"8",-49147.69,-49467.37,67,118,0.29,0.06,10,68,"EII","EII",88,88
"9",-48932.87,-49255.38,8,196,65.09,0.4,1,37,"EII","EII",99,99
"10",-48751.21,-49083.06,183,52,0.39,0.38,84,10,"EII","EII",110,110
