"","best_ll_s1","best_ll_s2","iter_best_s1","iter_best_s2","d_s1","d_s2","iter4sec_s1","iter4sec_s2","model_s1","model_s2","df_1","df_2"
"1",-1e+07,-1e+07,NA,NA,0,0,NA,NA,NA,NA,NA,NA
"2",-52263.91,-52386.95,178,101,0,0.03,95,82,"EII","EII",22,22
"3",-51512.58,-51703.49,48,146,0.08,0.02,2,16,"EII","EII",33,33
"4",-50777.11,-50944.34,160,198,0.01,0.02,29,161,"EII","EII",44,44
"5",-50059.08,-50387.9,20,64,0.04,0.06,6,36,"EII","EII",55,55
"6",-49745.49,-50001.37,45,36,0.34,0.11,33,15,"EII","EII",66,66
"7",-49413.3,-49716.6,53,165,0.13,0.04,32,8,"EII","EII",77,77
"8",-49147.6,-49467.53,81,189,0.17,0.21,10,128,"EII","EII",88,88
"9",-48932.99,-49255.42,192,123,0.56,0.18,169,103,"EII","EII",99,99
"10",-48750.32,-49082.51,1,106,400752057.28,0.16,0,40,"EII","EII",110,110
