"","best_ll_s1","best_ll_s2","iter_best_s1","iter_best_s2","d_s1","d_s2","iter4sec_s1","iter4sec_s2","model_s1","model_s2","df_1","df_2"
"1",-1e+07,-1e+07,NA,NA,0,0,NA,NA,NA,NA,NA,NA
"2",-52263.87,-52386.97,31,29,0.2,0.21,13,11,"EII","EII",22,22
"3",-51512.57,-51703.53,48,173,0.21,0.04,3,93,"EII","EII",33,33
"4",-50777,-50944.31,65,200,0.12,0.01,30,170,"EII","EII",44,44
"5",-50059.08,-50387.88,155,193,0,0.01,119,83,"EII","EII",55,55
"6",-49745.39,-50001.34,189,138,0.22,0.03,98,38,"EII","EII",66,66
"7",-49413.18,-49716.52,129,45,0.3,0.17,36,39,"EII","EII",77,77
"8",-49147.61,-49467.51,174,24,0.14,0.03,112,16,"EII","EII",88,88
"9",-48933.03,-49255.37,69,44,0.15,0.56,9,11,"EII","EII",99,99
"10",-48750.2,-49082.77,184,32,0.28,0.75,60,24,"EII","EII",110,110
