"","best_ll_s1","best_ll_s2","iter_best_s1","iter_best_s2","d_s1","d_s2","iter4sec_s1","iter4sec_s2","model_s1","model_s2","df_1","df_2"
"1",-1e+07,-1e+07,NA,NA,0,0,NA,NA,NA,NA,NA,NA
"2",-52263.87,-52386.98,103,160,0.01,0,32,123,"EII","EII",22,22
"3",-51512.6,-51703.45,122,121,0.05,0.08,87,72,"EII","EII",33,33
"4",-50777.05,-50944.31,28,43,0.11,0.04,13,6,"EII","EII",44,44
"5",-50059.07,-50387.89,149,170,0.02,0.01,146,44,"EII","EII",55,55
"6",-49745.25,-50001.32,6,47,1.17,0.08,4,23,"EII","EII",66,66
"7",-49413.14,-49716.52,103,60,0.34,0.24,35,27,"EII","EII",77,77
"8",-49147.42,-49467.81,114,175,0.24,0.1,30,111,"EII","EII",88,88
"9",-48932.87,-49255.43,132,5,0.33,1.66,128,1,"EII","EII",99,99
"10",-48750.47,-49082.95,93,148,0.25,0.04,68,123,"EII","EII",110,110
