"","best_ll_s1","best_ll_s2","iter_best_s1","iter_best_s2","d_s1","d_s2","iter4sec_s1","iter4sec_s2","model_s1","model_s2","df_1","df_2"
"1",-1e+07,-1e+07,NA,NA,0,0,NA,NA,NA,NA,NA,NA
"2",-52263.87,-52386.97,26,147,0.03,0.02,22,2,"EII","EII",22,22
"3",-51512.39,-51703.53,82,115,0.27,0.02,44,84,"EII","EII",33,33
"4",-50776.98,-50944.33,55,4,0.07,0.52,25,1,"EII","EII",44,44
"5",-50058.94,-50387.87,140,69,0.06,0.04,29,59,"EII","EII",55,55
"6",-49745.53,-50001.34,62,179,0.06,0.03,29,168,"EII","EII",66,66
"7",-49412.97,-49716.46,156,31,0.18,0.39,3,26,"EII","EII",77,77
"8",-49147.65,-49467.38,66,179,0.04,0.1,5,31,"EII","EII",88,88
"9",-48932.9,-49255.75,124,130,0.16,0.36,71,72,"EII","EII",99,99
"10",-48750.72,-49083.15,40,7,0.16,1.46,13,1,"EII","EII",110,110
