"","best_ll_s1","best_ll_s2","iter_best_s1","iter_best_s2","d_s1","d_s2","iter4sec_s1","iter4sec_s2","model_s1","model_s2","df_1","df_2"
"1",-1e+07,-1e+07,NA,NA,0,0,NA,NA,NA,NA,NA,NA
"2",-52263.87,-52386.98,143,153,0.02,0.02,128,17,"EII","EII",22,22
"3",-51512.33,-51703.48,104,97,0.32,0.02,45,73,"EII","EII",33,33
"4",-50777,-50944.29,11,11,0.22,0.06,8,1,"EII","EII",44,44
"5",-50059.05,-50387.75,7,51,0.35,0.14,2,30,"EII","EII",55,55
"6",-49745.53,-50001.28,33,171,0.73,0.12,10,102,"EII","EII",66,66
"7",-49413.17,-49716.48,1,1,48955623.39,490020303.54,0,0,"EII","EII",77,77
"8",-49147.52,-49467.53,95,65,0.31,0.4,79,44,"EII","EII",88,88
"9",-48932.65,-49255.47,172,75,0.04,0.66,128,32,"EII","EII",99,99
"10",-48751.62,-49082.6,160,167,0.05,0.77,40,12,"EII","EII",110,110
