"","best_ll_s1","best_ll_s2","iter_best_s1","iter_best_s2","d_s1","d_s2","iter4sec_s1","iter4sec_s2","model_s1","model_s2","df_1","df_2"
"1",-1e+07,-1e+07,NA,NA,0,0,NA,NA,NA,NA,NA,NA
"2",-52263.87,-52386.98,176,147,0.01,0,39,4,"EII","EII",22,22
"3",-51512.76,-51703.49,98,184,0.05,0.03,39,5,"EII","EII",33,33
"4",-50777.06,-50944.35,147,150,0.04,0,125,61,"EII","EII",44,44
"5",-50058.95,-50387.89,161,199,0.09,0.05,88,40,"EII","EII",55,55
"6",-49745.25,-50001.33,124,54,0.24,0.25,65,29,"EII","EII",66,66
"7",-49413.15,-49716.52,163,179,0.17,0.08,138,101,"EII","EII",77,77
"8",-49147.57,-49467.28,61,48,0.26,0.57,51,28,"EII","EII",88,88
"9",-48932.44,-49255.06,113,178,0.56,0.44,11,130,"EII","EII",99,99
"10",-48750.72,-49082.69,58,165,1.65,0.83,49,10,"EII","EII",110,110
