"","best_ll_s1","best_ll_s2","iter_best_s1","iter_best_s2","d_s1","d_s2","iter4sec_s1","iter4sec_s2","model_s1","model_s2","df_1","df_2"
"1",-1e+07,-1e+07,NA,NA,0,0,NA,NA,NA,NA,NA,NA
"2",-52263.89,-52386.97,139,91,0.01,0,19,106,"EII","EII",22,22
"3",-51512.49,-51703.52,198,105,0.03,0.05,114,6,"EII","EII",33,33
"4",-50777.14,-50944.34,15,32,0,0.03,15,5,"EII","EII",44,44
"5",-50058.91,-50387.83,44,139,0.11,0.02,13,108,"EII","EII",55,55
"6",-49745.54,-50001.41,1,151,48958278.28,0.06,0,26,"EII","EII",66,66
"7",-49413.45,-49716.6,48,74,0,0.07,48,44,"EII","EII",77,77
"8",-49147.58,-49467.31,18,156,0,0.4,18,124,"EII","EII",88,88
"9",-48932.94,-49255.89,61,140,0,0,61,140,"EII","EII",99,99
"10",-48750.8,-49082.94,160,52,0.42,0.02,77,44,"EII","EII",110,110
