"","best_ll_s1","best_ll_s2","iter_best_s1","iter_best_s2","d_s1","d_s2","iter4sec_s1","iter4sec_s2","model_s1","model_s2","df_1","df_2"
"1",-1e+07,-1e+07,NA,NA,0,0,NA,NA,NA,NA,NA,NA
"2",-52263.88,-52387.03,149,164,0.02,0.01,107,50,"EII","EII",22,22
"3",-51512.32,-51703.49,29,42,0.6,0.06,14,36,"EII","EII",33,33
"4",-50777.09,-50944.34,156,146,0.02,0.03,76,99,"EII","EII",44,44
"5",-50058.98,-50387.86,164,110,0.03,0.03,84,2,"EII","EII",55,55
"6",-49745.29,-50001.26,81,50,0.34,0.16,60,24,"EII","EII",66,66
"7",-49413.37,-49716.5,160,101,0.09,0.24,19,14,"EII","EII",77,77
"8",-49147.6,-49467.39,153,160,0.04,0.11,27,101,"EII","EII",88,88
"9",-48932.71,-49255.97,11,56,0.38,0.37,9,19,"EII","EII",99,99
"10",-48750.76,-49082.82,85,50,0.19,0.58,8,47,"EII","EII",110,110
