"","best_ll_s1","best_ll_s2","iter_best_s1","iter_best_s2","d_s1","d_s2","iter4sec_s1","iter4sec_s2","model_s1","model_s2","df_1","df_2"
"1",-1e+07,-1e+07,NA,NA,0,0,NA,NA,NA,NA,NA,NA
"2",-52263.88,-52386.97,100,164,0.02,0,51,134,"EII","EII",22,22
"3",-51512.44,-51703.51,127,70,0.16,0.07,65,22,"EII","EII",33,33
"4",-50777.12,-50944.31,76,109,0.04,0.05,34,76,"EII","EII",44,44
"5",-50058.92,-50387.88,199,109,0.06,0.01,105,64,"EII","EII",55,55
"6",-49745.32,-50001.36,181,16,0.2,0.36,136,12,"EII","EII",66,66
"7",-49413.1,-49716.44,89,6,0.28,1.13,15,2,"EII","EII",77,77
"8",-49147.73,-49467.52,165,187,0.01,0.07,48,18,"EII","EII",88,88
"9",-48932.78,-49255.77,44,23,0.57,0.64,28,8,"EII","EII",99,99
"10",-48750.87,-49082.85,165,99,0.61,0.65,116,97,"EII","EII",110,110
