"","best_ll_s1","best_ll_s2","iter_best_s1","iter_best_s2","d_s1","d_s2","iter4sec_s1","iter4sec_s2","model_s1","model_s2","df_1","df_2"
"1",-1e+07,-1e+07,NA,NA,0,0,NA,NA,NA,NA,NA,NA
"2",-52263.9,-52386.98,70,84,0.03,0.14,32,18,"EII","EII",22,22
"3",-51512.55,-51703.49,153,118,0.15,0.08,44,60,"EII","EII",33,33
"4",-50777.09,-50944.33,111,91,0.01,0.01,91,37,"EII","EII",44,44
"5",-50058.94,-50387.87,21,167,0.23,0.02,5,91,"EII","EII",55,55
"6",-49745.43,-50001.31,85,86,0.13,0.1,60,46,"EII","EII",66,66
"7",-49413.19,-49716.45,200,92,0.14,0.17,94,25,"EII","EII",77,77
"8",-49147.76,-49467.43,68,105,0.35,0.32,24,20,"EII","EII",88,88
"9",-48932.94,-49255.57,144,80,0.14,0.13,67,9,"EII","EII",99,99
"10",-48750.75,-49082.58,51,175,0.98,0.72,13,22,"EII","EII",110,110
