"","best_ll_s1","best_ll_s2","iter_best_s1","iter_best_s2","d_s1","d_s2","iter4sec_s1","iter4sec_s2","model_s1","model_s2","df_1","df_2"
"1",-1e+07,-1e+07,NA,NA,0,0,NA,NA,NA,NA,NA,NA
"2",-52263.93,-52387,157,94,0.02,0.01,54,27,"EII","EII",22,22
"3",-51512.61,-51703.46,91,183,0.11,0.06,6,134,"EII","EII",33,33
"4",-50777.11,-50944.3,7,11,0.14,0.14,6,6,"EII","EII",44,44
"5",-50059.01,-50387.88,28,145,0.1,0.02,15,96,"EII","EII",55,55
"6",-49745.3,-50001.36,124,99,0.32,0.08,37,46,"EII","EII",66,66
"7",-49413.19,-49716.6,150,57,0.35,0.04,148,23,"EII","EII",77,77
"8",-49147.54,-49467.28,42,156,0.39,0.3,39,21,"EII","EII",88,88
"9",-48932.98,-49255.97,178,89,0.12,0.27,141,17,"EII","EII",99,99
"10",-48750.58,-49083.3,159,62,0.4,0.39,110,23,"EII","EII",110,110
