"","best_ll_s1","best_ll_s2","iter_best_s1","iter_best_s2","d_s1","d_s2","iter4sec_s1","iter4sec_s2","model_s1","model_s2","df_1","df_2"
"1",-1e+07,-1e+07,NA,NA,0,0,NA,NA,NA,NA,NA,NA
"2",-52263.89,-52386.96,159,5,0,0.34,36,2,"EII","EII",22,22
"3",-51512.51,-51703.48,90,23,0.15,0.14,64,6,"EII","EII",33,33
"4",-50776.95,-50944.37,116,76,0.12,0.01,98,68,"EII","EII",44,44
"5",-50058.96,-50387.87,184,94,0.03,0.02,11,37,"EII","EII",55,55
"6",-49745.3,-50001.34,41,96,0.12,0.08,11,46,"EII","EII",66,66
"7",-49413.22,-49716.45,117,30,0.22,0.01,49,22,"EII","EII",77,77
"8",-49147.58,-49467.66,183,179,0.43,0.08,173,37,"EII","EII",88,88
"9",-48932.69,-49255.65,44,24,0.4,1.66,26,19,"EII","EII",99,99
"10",-48750.67,-49083.21,199,81,0.22,1.24,71,25,"EII","EII",110,110
