"","best_ll_s1","best_ll_s2","iter_best_s1","iter_best_s2","d_s1","d_s2","iter4sec_s1","iter4sec_s2","model_s1","model_s2","df_1","df_2"
"1",-1e+07,-1e+07,NA,NA,0,0,NA,NA,NA,NA,NA,NA
"2",-52263.88,-52386.97,171,137,0.01,0.02,114,39,"EII","EII",22,22
"3",-51512.58,-51703.54,50,20,0.3,0.07,36,5,"EII","EII",33,33
"4",-50776.96,-50944.27,29,62,0.19,0.09,19,7,"EII","EII",44,44
"5",-50058.99,-50387.83,107,100,0.07,0.09,14,33,"EII","EII",55,55
"6",-49745.46,-50001.2,18,198,0.81,0.18,17,189,"EII","EII",66,66
"7",-49413.02,-49716.55,32,109,0.32,0.07,23,41,"EII","EII",77,77
"8",-49147.37,-49467.25,162,120,0.23,0.28,114,95,"EII","EII",88,88
"9",-48932.88,-49255.39,169,120,0.34,0.06,120,11,"EII","EII",99,99
"10",-48750.52,-49082.68,143,60,0.74,0.62,70,32,"EII","EII",110,110
