"","best_ll_s1","best_ll_s2","iter_best_s1","iter_best_s2","d_s1","d_s2","iter4sec_s1","iter4sec_s2","model_s1","model_s2","df_1","df_2"
"1",-1e+07,-1e+07,NA,NA,0,0,NA,NA,NA,NA,NA,NA
"2",-52263.87,-52386.98,45,195,0.02,0.01,28,3,"EII","EII",22,22
"3",-51512.52,-51703.48,20,51,0.37,0.08,19,48,"EII","EII",33,33
"4",-50777.05,-50944.34,182,172,0.03,0.01,136,48,"EII","EII",44,44
"5",-50059.05,-50387.88,136,82,0,0.03,128,78,"EII","EII",55,55
"6",-49745.29,-50001.42,44,149,0.74,0.01,1,13,"EII","EII",66,66
"7",-49413.26,-49716.6,80,53,0.23,0.05,49,10,"EII","EII",77,77
"8",-49147.28,-49467.43,85,176,0.44,0.14,78,138,"EII","EII",88,88
"9",-48932.78,-49255.73,99,26,0.27,0.59,48,19,"EII","EII",99,99
"10",-48750.32,-49082.75,145,124,0.35,0.23,6,14,"EII","EII",110,110
