"","best_ll_s1","best_ll_s2","iter_best_s1","iter_best_s2","d_s1","d_s2","iter4sec_s1","iter4sec_s2","model_s1","model_s2","df_1","df_2"
"1",-1e+07,-1e+07,NA,NA,0,0,NA,NA,NA,NA,NA,NA
"2",-52263.9,-52386.96,142,188,0,0.02,89,146,"EII","EII",22,22
"3",-51512.16,-51703.55,50,194,0.48,0.01,18,74,"EII","EII",33,33
"4",-50777.1,-50944.32,40,74,0.01,0.05,21,23,"EII","EII",44,44
"5",-50058.98,-50387.84,100,26,0.04,0.06,3,5,"EII","EII",55,55
"6",-49745.29,-50001.4,52,141,0.62,0,2,35,"EII","EII",66,66
"7",-49413.2,-49716.51,52,60,0.45,0.36,36,40,"EII","EII",77,77
"8",-49147.48,-49467.29,175,80,0.22,0.45,155,44,"EII","EII",88,88
"9",-48932.88,-49255.62,78,95,0,0.44,16,21,"EII","EII",99,99
"10",-48750.69,-49082.61,63,21,0.2,21.13,26,7,"EII","EII",110,110
