"","best_ll_s1","best_ll_s2","iter_best_s1","iter_best_s2","d_s1","d_s2","iter4sec_s1","iter4sec_s2","model_s1","model_s2","df_1","df_2"
"1",-1e+07,-1e+07,NA,NA,0,0,NA,NA,NA,NA,NA,NA
"2",-52263.87,-52386.97,51,62,0.13,0.08,10,57,"EII","EII",22,22
"3",-51512.46,-51703.52,131,10,0.07,0.2,72,7,"EII","EII",33,33
"4",-50777.11,-50944.26,57,80,0.09,0.09,6,28,"EII","EII",44,44
"5",-50058.97,-50387.87,53,14,0.06,0.18,40,6,"EII","EII",55,55
"6",-49745.51,-50001.28,167,47,0.11,0.15,13,15,"EII","EII",66,66
"7",-49413.56,-49716.47,145,11,0,0.69,68,6,"EII","EII",77,77
"8",-49147.96,-49467.55,150,43,0.07,0.25,68,12,"EII","EII",88,88
"9",-48933.04,-49255.39,109,108,0.07,0.35,85,106,"EII","EII",99,99
"10",-48750.43,-49082.57,86,38,1.19,1.14,84,24,"EII","EII",110,110
