"","best_ll_s1","best_ll_s2","iter_best_s1","iter_best_s2","d_s1","d_s2","iter4sec_s1","iter4sec_s2","model_s1","model_s2","df_1","df_2"
"1",-1e+07,-1e+07,NA,NA,0,0,NA,NA,NA,NA,NA,NA
"2",-52263.87,-52386.95,183,193,0.01,0.04,169,105,"EII","EII",22,22
"3",-51512.59,-51703.55,102,34,0.02,0.02,7,3,"EII","EII",33,33
"4",-50777.04,-50944.35,124,185,0.07,0,114,70,"EII","EII",44,44
"5",-50059.02,-50387.91,136,60,0.01,0.07,113,32,"EII","EII",55,55
"6",-49745.67,-50001.35,22,28,0.42,0.07,21,9,"EII","EII",66,66
"7",-49413.24,-49716.4,188,170,0.03,0.38,47,166,"EII","EII",77,77
"8",-49147.78,-49467.56,44,180,0.34,0.06,14,54,"EII","EII",88,88
"9",-48932.95,-49255.91,176,59,0.18,0.17,29,3,"EII","EII",99,99
"10",-48750.38,-49083.13,29,187,0.57,0.2,12,20,"EII","EII",110,110
