"","best_ll_s1","best_ll_s2","iter_best_s1","iter_best_s2","d_s1","d_s2","iter4sec_s1","iter4sec_s2","model_s1","model_s2","df_1","df_2"
"1",-1e+07,-1e+07,NA,NA,0,0,NA,NA,NA,NA,NA,NA
"2",-52263.89,-52386.96,173,174,0.02,0.01,37,98,"EII","EII",22,22
"3",-51512.56,-51703.5,18,4,0.31,0.08,15,1,"EII","EII",33,33
"4",-50776.99,-50944.34,155,172,0.09,0.01,117,148,"EII","EII",44,44
"5",-50058.96,-50387.87,57,39,0,0,57,39,"EII","EII",55,55
"6",-49745.45,-50001.27,151,9,0,0.92,151,5,"EII","EII",66,66
"7",-49413.27,-49716.37,143,3,0.01,1.9,104,2,"EII","EII",77,77
"8",-49147.54,-49467.14,126,128,0.46,0.48,73,127,"EII","EII",88,88
"9",-48932.78,-49255.77,122,73,0,0,122,73,"EII","EII",99,99
"10",-48750.23,-49082.74,49,155,0,0,49,155,"EII","EII",110,110
