"","best_ll_s1","best_ll_s2","iter_best_s1","iter_best_s2","d_s1","d_s2","iter4sec_s1","iter4sec_s2","model_s1","model_s2","df_1","df_2"
"1",-1e+07,-1e+07,NA,NA,0,0,NA,NA,NA,NA,NA,NA
"2",-52263.87,-52386.96,110,5,0.02,0.39,46,3,"EII","EII",22,22
"3",-51512.43,-51703.56,40,40,0.35,0.04,32,20,"EII","EII",33,33
"4",-50777.08,-50944.29,43,16,0.01,0.06,30,3,"EII","EII",44,44
"5",-50059.04,-50387.9,156,74,0.01,0,1,13,"EII","EII",55,55
"6",-49745.34,-50001.36,47,198,0.49,0.03,27,55,"EII","EII",66,66
"7",-49413.02,-49716.4,92,157,0.2,0.22,18,96,"EII","EII",77,77
"8",-49147.43,-49467.58,150,35,0.1,0.34,132,12,"EII","EII",88,88
"9",-48932.79,-49255.7,17,10,2.4,28.92,6,8,"EII","EII",99,99
"10",-48750.68,-49082.63,90,80,0.28,1.15,44,25,"EII","EII",110,110
