"","best_ll_s1","best_ll_s2","iter_best_s1","iter_best_s2","d_s1","d_s2","iter4sec_s1","iter4sec_s2","model_s1","model_s2","df_1","df_2"
"1",-1e+07,-1e+07,NA,NA,0,0,NA,NA,NA,NA,NA,NA
"2",-52263.89,-52386.96,104,171,0.05,0,88,139,"EII","EII",22,22
"3",-51512.46,-51703.53,198,67,0.14,0.07,59,64,"EII","EII",33,33
"4",-50777,-50944.27,130,111,0.13,0.06,48,64,"EII","EII",44,44
"5",-50058.96,-50387.87,103,84,0.13,0.02,31,11,"EII","EII",55,55
"6",-49745.45,-50001.21,101,112,0.41,0.15,36,84,"EII","EII",66,66
"7",-49413.12,-49716.55,184,59,0.12,0.02,96,56,"EII","EII",77,77
"8",-49147.75,-49467.27,129,85,0.57,0.29,53,11,"EII","EII",88,88
"9",-48932.87,-49255.68,49,43,0.43,0.29,40,39,"EII","EII",99,99
"10",-48750.78,-49082.87,136,193,0.2,0.45,106,79,"EII","EII",110,110
