"","best_ll_s1","best_ll_s2","iter_best_s1","iter_best_s2","d_s1","d_s2","iter4sec_s1","iter4sec_s2","model_s1","model_s2","df_1","df_2"
"1",-1e+07,-1e+07,NA,NA,0,0,NA,NA,NA,NA,NA,NA
"2",-52263.87,-52386.96,39,91,0.01,0.04,15,5,"EII","EII",22,22
"3",-51512.45,-51703.5,190,22,0.04,0.1,97,1,"EII","EII",33,33
"4",-50776.95,-50944.27,190,45,0.18,0.07,38,25,"EII","EII",44,44
"5",-50058.94,-50387.91,168,149,0.16,0.01,9,140,"EII","EII",55,55
"6",-49745.48,-50001.37,60,140,0.18,0.03,45,40,"EII","EII",66,66
"7",-49413.02,-49716.64,152,158,0.33,0,62,41,"EII","EII",77,77
"8",-49147.38,-49467.57,163,21,0.54,0.48,103,15,"EII","EII",88,88
"9",-48933.2,-49255.54,142,151,0.15,0.41,99,52,"EII","EII",99,99
"10",-48750.37,-49082.48,116,20,1.04,1.01,47,3,"EII","EII",110,110
