"","best_ll_s1","best_ll_s2","iter_best_s1","iter_best_s2","d_s1","d_s2","iter4sec_s1","iter4sec_s2","model_s1","model_s2","df_1","df_2"
"1",-1e+07,-1e+07,NA,NA,0,0,NA,NA,NA,NA,NA,NA
"2",-52263.9,-52386.95,94,62,0,0.17,35,3,"EII","EII",22,22
"3",-51512.59,-51703.52,199,12,0.02,0.09,195,7,"EII","EII",33,33
"4",-50776.98,-50944.38,71,15,0.11,0.22,2,6,"EII","EII",44,44
"5",-50058.99,-50387.89,49,100,0.12,0,16,88,"EII","EII",55,55
"6",-49745.44,-50001.37,76,163,0.31,0.08,22,121,"EII","EII",66,66
"7",-49413.29,-49716.6,123,31,0.11,0.16,50,20,"EII","EII",77,77
"8",-49147.37,-49467.69,160,117,0.23,0,24,107,"EII","EII",88,88
"9",-48932.88,-49255.54,118,11,0.16,28.6,105,8,"EII","EII",99,99
"10",-48750.63,-49082.84,27,94,1.14,0.01,7,56,"EII","EII",110,110
