"","best_ll_s1","best_ll_s2","iter_best_s1","iter_best_s2","d_s1","d_s2","iter4sec_s1","iter4sec_s2","model_s1","model_s2","df_1","df_2"
"1",-1e+07,-1e+07,NA,NA,0,0,NA,NA,NA,NA,NA,NA
"2",-52263.88,-52386.96,26,77,0.08,0.03,16,70,"EII","EII",22,22
"3",-51512.49,-51703.51,10,137,0.39,0,2,9,"EII","EII",33,33
"4",-50777.08,-50944.33,135,129,0.03,0.01,67,49,"EII","EII",44,44
"5",-50059.06,-50387.9,166,86,0,0.03,100,72,"EII","EII",55,55
"6",-49745.45,-50001.34,98,144,0.32,0.13,71,105,"EII","EII",66,66
"7",-49413.07,-49716.49,106,11,0.27,0.22,25,10,"EII","EII",77,77
"8",-49147.78,-49467.45,146,157,0.04,0.24,86,155,"EII","EII",88,88
"9",-48933.04,-49255.42,199,197,0,0.37,49,71,"EII","EII",99,99
"10",-48751.19,-49082.48,170,74,0.04,0.85,149,45,"EII","EII",110,110
