"","best_ll_s1","best_ll_s2","iter_best_s1","iter_best_s2","d_s1","d_s2","iter4sec_s1","iter4sec_s2","model_s1","model_s2","df_1","df_2"
"1",-1e+07,-1e+07,NA,NA,0,0,NA,NA,NA,NA,NA,NA
"2",-52263.88,-52386.96,192,78,0.01,0,12,44,"EII","EII",22,22
"3",-51512.56,-51703.53,42,63,0.1,0.09,32,59,"EII","EII",33,33
"4",-50777.03,-50944.27,26,137,0.08,0.07,11,86,"EII","EII",44,44
"5",-50059.01,-50387.86,37,129,0.11,0.04,14,15,"EII","EII",55,55
"6",-49745.29,-50001.23,31,152,0.13,0.11,21,67,"EII","EII",66,66
"7",-49413.42,-49716.43,180,28,0.08,0.38,4,19,"EII","EII",77,77
"8",-49147.56,-49467.48,120,69,0.01,0.46,72,44,"EII","EII",88,88
"9",-48933.09,-49255.33,26,125,0.1,0.52,20,39,"EII","EII",99,99
"10",-48751.22,-49083.15,27,103,0.74,0.04,17,94,"EII","EII",110,110
