"","best_ll_s1","best_ll_s2","iter_best_s1","iter_best_s2","d_s1","d_s2","iter4sec_s1","iter4sec_s2","model_s1","model_s2","df_1","df_2"
"1",-1e+07,-1e+07,NA,NA,0,0,NA,NA,NA,NA,NA,NA
"2",-52263.88,-52386.96,161,92,0,0,101,26,"EII","EII",22,22
"3",-51512.51,-51703.53,94,51,0.13,0.03,41,42,"EII","EII",33,33
"4",-50777.11,-50944.35,185,10,0.01,0.05,66,9,"EII","EII",44,44
"5",-50059,-50387.89,76,160,0.04,0.01,27,120,"EII","EII",55,55
"6",-49745.45,-50001.37,60,183,0.03,0.05,2,64,"EII","EII",66,66
"7",-49413.26,-49716.62,173,24,0.06,0.23,90,17,"EII","EII",77,77
"8",-49147.28,-49467.53,31,143,1.52,0.18,17,54,"EII","EII",88,88
"9",-48932.97,-49255.67,164,5,0.12,0.76,4,1,"EII","EII",99,99
"10",-48751.01,-49082.23,89,112,0.13,0.74,35,90,"EII","EII",110,110
