"","best_ll_s1","best_ll_s2","iter_best_s1","iter_best_s2","d_s1","d_s2","iter4sec_s1","iter4sec_s2","model_s1","model_s2","df_1","df_2"
"1",-1e+07,-1e+07,NA,NA,0,0,NA,NA,NA,NA,NA,NA
"2",-52263.88,-52386.95,22,105,0,0.03,22,42,"EII","EII",22,22
"3",-51512.28,-51703.51,22,74,0.23,0.08,17,26,"EII","EII",33,33
"4",-50777.03,-50944.32,127,147,0.04,0.05,48,2,"EII","EII",44,44
"5",-50059.06,-50387.88,116,137,0.02,0.05,2,97,"EII","EII",55,55
"6",-49745.54,-50001.37,36,14,0.06,0.25,13,2,"EII","EII",66,66
"7",-49413.06,-49716.51,60,33,0.38,0.42,38,23,"EII","EII",77,77
"8",-49147.6,-49467.54,7,163,1.61,0.08,6,129,"EII","EII",88,88
"9",-48932.69,-49255.47,128,67,0.16,0.54,122,38,"EII","EII",99,99
"10",-48751.25,-49082.4,107,165,0.63,0.49,89,3,"EII","EII",110,110
