"","best_ll_s1","best_ll_s2","iter_best_s1","iter_best_s2","d_s1","d_s2","iter4sec_s1","iter4sec_s2","model_s1","model_s2","df_1","df_2"
"1",-1e+07,-1e+07,NA,NA,0,0,NA,NA,NA,NA,NA,NA
"2",-52263.87,-52386.96,24,194,0.01,0,14,7,"EII","EII",22,22
"3",-51512.48,-51703.56,172,121,0.14,0.01,99,75,"EII","EII",33,33
"4",-50777.11,-50944.32,190,124,0.01,0.04,3,3,"EII","EII",44,44
"5",-50058.99,-50387.85,70,7,0.09,0.14,27,2,"EII","EII",55,55
"6",-49745.58,-50001.29,52,121,0.1,0.02,24,100,"EII","EII",66,66
"7",-49413.29,-49716.67,76,134,0.26,0.07,12,56,"EII","EII",77,77
"8",-49147.93,-49467.21,72,1,0.02,489951001.5,21,0,"EII","EII",88,88
"9",-48932.89,-49255.62,183,114,0.41,0.17,10,33,"EII","EII",99,99
"10",-48750.99,-49083.53,75,22,0.49,0.23,72,18,"EII","EII",110,110
