"","best_ll_s1","best_ll_s2","iter_best_s1","iter_best_s2","d_s1","d_s2","iter4sec_s1","iter4sec_s2","model_s1","model_s2","df_1","df_2"
"1",-1e+07,-1e+07,NA,NA,0,0,NA,NA,NA,NA,NA,NA
"2",-52263.88,-52386.97,85,138,0.05,0,42,158,"EII","EII",22,22
"3",-51512.34,-51703.54,46,35,0.49,0,21,51,"EII","EII",33,33
"4",-50777,-50944.3,40,188,0.15,0.04,38,73,"EII","EII",44,44
"5",-50058.99,-50387.86,34,77,0.19,0,10,77,"EII","EII",55,55
"6",-49745.3,-50001.38,46,184,0,0,46,184,"EII","EII",66,66
"7",-49412.97,-49716.5,157,111,0.18,0.19,104,1,"EII","EII",77,77
"8",-49147.72,-49467.44,17,23,0,0.36,17,15,"EII","EII",88,88
"9",-48932.7,-49255.3,139,177,0.08,0,113,177,"EII","EII",99,99
"10",-48751.11,-49082.38,99,186,0.11,0,66,186,"EII","EII",110,110
