"","best_ll_s1","best_ll_s2","iter_best_s1","iter_best_s2","d_s1","d_s2","iter4sec_s1","iter4sec_s2","model_s1","model_s2","df_1","df_2"
"1",-1e+07,-1e+07,NA,NA,0,0,NA,NA,NA,NA,NA,NA
"2",-52263.88,-52386.96,45,110,0.03,0.03,26,43,"EII","EII",22,22
"3",-51512.54,-51703.51,159,33,0.06,0.07,118,24,"EII","EII",33,33
"4",-50776.97,-50944.32,16,43,0.03,0.02,2,20,"EII","EII",44,44
"5",-50058.97,-50387.88,6,1,0.42,500249700.01,1,0,"EII","EII",55,55
"6",-49745.49,-50001.35,91,20,0.08,0.24,58,13,"EII","EII",66,66
"7",-49413.04,-49716.66,143,113,0.1,0.18,100,59,"EII","EII",77,77
"8",-49147.65,-49467.5,7,52,0.54,0.18,3,43,"EII","EII",88,88
"9",-48932.91,-49255.75,49,60,0.78,0.74,5,15,"EII","EII",99,99
"10",-48750.52,-49082.36,86,3,1.25,116.58,11,2,"EII","EII",110,110
