"","best_ll_s1","best_ll_s2","iter_best_s1","iter_best_s2","d_s1","d_s2","iter4sec_s1","iter4sec_s2","model_s1","model_s2","df_1","df_2"
"1",-1e+07,-1e+07,NA,NA,0,0,NA,NA,NA,NA,NA,NA
"2",-52263.88,-52386.97,93,53,0.01,0.05,17,15,"EII","EII",22,22
"3",-51512.64,-51703.48,55,171,0.06,0.03,27,87,"EII","EII",33,33
"4",-50776.99,-50944.27,55,87,0.16,0.08,15,70,"EII","EII",44,44
"5",-50058.96,-50387.86,84,30,0.12,0.06,54,1,"EII","EII",55,55
"6",-49745.44,-50001.42,187,108,0.18,0.02,150,57,"EII","EII",66,66
"7",-49413.28,-49716.59,90,146,0.24,0.07,88,64,"EII","EII",77,77
"8",-49147.63,-49467.55,129,64,0.18,0.21,21,35,"EII","EII",88,88
"9",-48932.95,-49256.03,187,161,0.01,0.05,97,141,"EII","EII",99,99
"10",-48750.67,-49083.08,97,169,0.57,0.16,38,155,"EII","EII",110,110
