"","best_ll_s1","best_ll_s2","iter_best_s1","iter_best_s2","d_s1","d_s2","iter4sec_s1","iter4sec_s2","model_s1","model_s2","df_1","df_2"
"1",-1e+07,-1e+07,NA,NA,0,0,NA,NA,NA,NA,NA,NA
"2",-52263.87,-52386.97,133,63,0.01,0.02,9,22,"EII","EII",22,22
"3",-51512.73,-51703.52,135,26,0.03,0.09,15,18,"EII","EII",33,33
"4",-50777.08,-50944.27,88,51,0.03,0.08,39,3,"EII","EII",44,44
"5",-50059.03,-50387.87,42,43,0.16,0.13,2,20,"EII","EII",55,55
"6",-49745.53,-50001.39,1,87,48958278.29,0.02,0,45,"EII","EII",66,66
"7",-49413.17,-49716.35,195,190,0.15,0.14,46,90,"EII","EII",77,77
"8",-49147.66,-49467.43,116,191,0.29,0.14,100,48,"EII","EII",88,88
"9",-48933.09,-49255.48,56,134,0.01,0.23,15,12,"EII","EII",99,99
"10",-48750.41,-49082.82,151,167,0.32,0.55,125,68,"EII","EII",110,110
