"","best_ll_s1","best_ll_s2","iter_best_s1","iter_best_s2","d_s1","d_s2","iter4sec_s1","iter4sec_s2","model_s1","model_s2","df_1","df_2"
"1",-1e+07,-1e+07,NA,NA,0,0,NA,NA,NA,NA,NA,NA
"2",-52263.89,-52386.96,14,183,0.27,0.02,6,23,"EII","EII",22,22
"3",-51512.6,-51703.47,124,36,0.12,0.12,54,3,"EII","EII",33,33
"4",-50777.07,-50944.34,46,88,0.14,0.01,27,87,"EII","EII",44,44
"5",-50059.04,-50387.89,127,28,0.05,0.04,22,15,"EII","EII",55,55
"6",-49745.32,-50001.27,89,74,0.11,0.12,88,11,"EII","EII",66,66
"7",-49413.38,-49716.47,121,173,0.06,0.12,96,112,"EII","EII",77,77
"8",-49147.37,-49467.62,27,148,0.08,0.06,1,89,"EII","EII",88,88
"9",-48932.82,-49255.3,120,132,0.16,0.18,94,84,"EII","EII",99,99
"10",-48750.68,-49082.6,186,30,0.21,1.9,52,23,"EII","EII",110,110
