"","best_ll_s1","best_ll_s2","iter_best_s1","iter_best_s2","d_s1","d_s2","iter4sec_s1","iter4sec_s2","model_s1","model_s2","df_1","df_2"
"1",-1e+07,-1e+07,NA,NA,0,0,NA,NA,NA,NA,NA,NA
"2",-52263.88,-52386.98,136,9,0,0.07,135,7,"EII","EII",22,22
"3",-51512.5,-51703.5,50,181,0.09,0.01,3,119,"EII","EII",33,33
"4",-50776.95,-50944.34,90,101,0.19,0.01,15,38,"EII","EII",44,44
"5",-50059.05,-50387.85,47,131,0.12,0.05,42,1,"EII","EII",55,55
"6",-49745.31,-50001.28,47,45,0.18,0.13,31,31,"EII","EII",66,66
"7",-49413,-49716.39,113,92,0.35,0.01,93,77,"EII","EII",77,77
"8",-49147.69,-49467.49,122,113,0.08,0.07,74,42,"EII","EII",88,88
"9",-48933.17,-49255.51,137,173,0.05,0.11,90,40,"EII","EII",99,99
"10",-48750.43,-49083.35,31,108,1.16,0.14,1,106,"EII","EII",110,110
