"","best_ll_s1","best_ll_s2","iter_best_s1","iter_best_s2","d_s1","d_s2","iter4sec_s1","iter4sec_s2","model_s1","model_s2","df_1","df_2"
"1",-1e+07,-1e+07,NA,NA,0,0,NA,NA,NA,NA,NA,NA
"2",-52263.86,-52386.98,15,95,0.32,0.1,10,24,"EII","EII",22,22
"3",-51512.63,-51703.5,141,13,0.05,0.05,6,11,"EII","EII",33,33
"4",-50776.97,-50944.34,25,78,0.19,0.02,3,58,"EII","EII",44,44
"5",-50058.97,-50387.85,102,110,0.09,0.06,64,31,"EII","EII",55,55
"6",-49745.22,-50001.21,133,157,0.22,0.15,116,132,"EII","EII",66,66
"7",-49413.15,-49716.68,16,171,0.54,0.01,8,51,"EII","EII",77,77
"8",-49147.74,-49467.4,133,25,0.11,0.53,107,22,"EII","EII",88,88
"9",-48933.12,-49255.08,164,124,0.12,0.81,41,7,"EII","EII",99,99
"10",-48751.05,-49082.38,102,146,0.24,0.81,75,127,"EII","EII",110,110
