"","best_ll_s1","best_ll_s2","iter_best_s1","iter_best_s2","d_s1","d_s2","iter4sec_s1","iter4sec_s2","model_s1","model_s2","df_1","df_2"
"1",-1e+07,-1e+07,NA,NA,0,0,NA,NA,NA,NA,NA,NA
"2",-52263.88,-52386.97,142,73,0.02,0,20,59,"EII","EII",22,22
"3",-51512.71,-51703.46,50,45,0.03,0.11,33,12,"EII","EII",33,33
"4",-50776.98,-50944.35,140,198,0.07,0,131,34,"EII","EII",44,44
"5",-50059.07,-50387.85,92,142,0.01,0.05,39,92,"EII","EII",55,55
"6",-49745.33,-50001.21,49,36,0.13,0.15,26,16,"EII","EII",66,66
"7",-49413.31,-49716.46,6,178,2.52,0.05,2,173,"EII","EII",77,77
"8",-49147.72,-49467.76,15,32,2.04,0.09,11,18,"EII","EII",88,88
"9",-48932.52,-49255.49,2,23,58.04,0.85,1,7,"EII","EII",99,99
"10",-48750.81,-49083.27,123,142,0.72,0.03,50,23,"EII","EII",110,110
