"","best_ll_s1","best_ll_s2","iter_best_s1","iter_best_s2","d_s1","d_s2","iter4sec_s1","iter4sec_s2","model_s1","model_s2","df_1","df_2"
"1",-1e+07,-1e+07,NA,NA,0,0,NA,NA,NA,NA,NA,NA
"2",-52263.88,-52386.97,5,59,0.27,0.02,1,36,"EII","EII",22,22
"3",-51512.61,-51703.57,155,122,0.07,0.01,143,55,"EII","EII",33,33
"4",-50777.01,-50944.33,52,63,0.06,0.02,31,25,"EII","EII",44,44
"5",-50059.05,-50387.88,26,75,0.07,0,17,37,"EII","EII",55,55
"6",-49745.46,-50001.28,161,136,0.03,0.13,81,5,"EII","EII",66,66
"7",-49413.29,-49716.39,72,16,0.2,1,26,7,"EII","EII",77,77
"8",-49147.73,-49467.44,176,93,0.21,0.25,47,53,"EII","EII",88,88
"9",-48933.39,-49255.53,110,79,0.11,0.76,45,46,"EII","EII",99,99
"10",-48751.34,-49083.22,197,118,0.02,0.09,98,91,"EII","EII",110,110
