"","best_ll_s1","best_ll_s2","iter_best_s1","iter_best_s2","d_s1","d_s2","iter4sec_s1","iter4sec_s2","model_s1","model_s2","df_1","df_2"
"1",-1e+07,-1e+07,NA,NA,0,0,NA,NA,NA,NA,NA,NA
"2",-52263.87,-52386.96,48,137,0.07,0,12,28,"EII","EII",22,22
"3",-51512.59,-51703.43,177,41,0.06,0.08,117,3,"EII","EII",33,33
"4",-50777.07,-50944.34,43,93,0.09,0,22,9,"EII","EII",44,44
"5",-50059.03,-50387.85,41,147,0.04,0.05,23,64,"EII","EII",55,55
"6",-49745.64,-50001.47,157,198,0.02,0.02,136,140,"EII","EII",66,66
"7",-49413.21,-49716.52,112,16,0.15,0.22,101,9,"EII","EII",77,77
"8",-49147.98,-49467.49,132,22,0.03,0.16,54,14,"EII","EII",88,88
"9",-48932.47,-49255.83,20,122,1.91,0.25,15,88,"EII","EII",99,99
"10",-48750.22,-49082.37,131,111,0.33,0.26,113,83,"EII","EII",110,110
