"","best_ll_s1","best_ll_s2","iter_best_s1","iter_best_s2","d_s1","d_s2","iter4sec_s1","iter4sec_s2","model_s1","model_s2","df_1","df_2"
"1",-1e+07,-1e+07,NA,NA,0,0,NA,NA,NA,NA,NA,NA
"2",-52263.89,-52386.97,157,144,0.01,0.01,69,64,"EII","EII",22,22
"3",-51512.58,-51703.48,179,26,0.09,0.13,92,14,"EII","EII",33,33
"4",-50776.96,-50944.28,85,135,0.05,0.05,26,110,"EII","EII",44,44
"5",-50059.07,-50387.88,31,1,0.02,500249700,25,0,"EII","EII",55,55
"6",-49745.65,-50001.38,52,165,0.1,0.02,35,29,"EII","EII",66,66
"7",-49413.76,-49716.39,19,64,0,0.3,3,4,"EII","EII",77,77
"8",-49147.64,-49468.49,150,15,0,0,5,7,"EII","EII",88,88
"9",-48935.49,-49256.48,13,25,0,0,5,7,"EII","EII",99,99
"10",-48750.35,-49082.42,15,94,2,0.7,3,21,"EII","EII",110,110
