"","best_ll_s1","best_ll_s2","iter_best_s1","iter_best_s2","d_s1","d_s2","iter4sec_s1","iter4sec_s2","model_s1","model_s2","df_1","df_2"
"1",-1e+07,-1e+07,NA,NA,0,0,NA,NA,NA,NA,NA,NA
"2",-52263.87,-52386.96,17,23,0,0.03,17,3,"EII","EII",22,22
"3",-51512.65,-51703.51,59,33,0,0,59,33,"EII","EII",33,33
"4",-50777.09,-50944.32,107,48,0.02,0.05,85,25,"EII","EII",44,44
"5",-50059.06,-50387.79,78,46,0.03,0.2,1,17,"EII","EII",55,55
"6",-49745.46,-50001.34,31,92,0.4,0.13,29,74,"EII","EII",66,66
"7",-49413.12,-49716.3,114,109,0,0,114,109,"EII","EII",77,77
"8",-49147.57,-49467.43,169,166,0.31,0.05,147,159,"EII","EII",88,88
"9",-48932.63,-49255.75,139,142,0,0.01,139,117,"EII","EII",99,99
"10",-48750.37,-49082.58,170,118,0.61,0.79,119,34,"EII","EII",110,110
