"","best_ll_s1","best_ll_s2","iter_best_s1","iter_best_s2","d_s1","d_s2","iter4sec_s1","iter4sec_s2","model_s1","model_s2","df_1","df_2"
"1",-1e+07,-1e+07,NA,NA,0,0,NA,NA,NA,NA,NA,NA
"2",-52263.87,-52386.96,184,19,0.03,0.01,104,11,"EII","EII",22,22
"3",-51512.24,-51703.49,49,172,0.46,0.01,17,144,"EII","EII",33,33
"4",-50777.01,-50944.32,160,51,0.11,0.04,49,41,"EII","EII",44,44
"5",-50059.02,-50387.88,36,71,0.05,0.04,21,43,"EII","EII",55,55
"6",-49745.44,-50001.45,164,126,0.09,0.02,111,77,"EII","EII",66,66
"7",-49413.03,-49716.57,148,74,0.51,0.19,65,67,"EII","EII",77,77
"8",-49147.53,-49467.53,186,199,0.17,0.05,114,72,"EII","EII",88,88
"9",-48933.29,-49256.01,177,99,0.03,0,159,28,"EII","EII",99,99
"10",-48750.46,-49082.84,197,67,0.17,0.4,36,1,"EII","EII",110,110
