"","best_ll_s1","best_ll_s2","iter_best_s1","iter_best_s2","d_s1","d_s2","iter4sec_s1","iter4sec_s2","model_s1","model_s2","df_1","df_2"
"1",-1e+07,-1e+07,NA,NA,0,0,NA,NA,NA,NA,NA,NA
"2",-52263.88,-52386.98,147,181,0.01,0.01,121,72,"EII","EII",22,22
"3",-51512.47,-51703.45,13,39,0.37,0.09,4,37,"EII","EII",33,33
"4",-50776.99,-50944.31,7,27,0.45,0.06,3,15,"EII","EII",44,44
"5",-50058.96,-50387.88,90,197,0.17,0.02,66,107,"EII","EII",55,55
"6",-49745.43,-50001.34,134,132,0.06,0.02,78,13,"EII","EII",66,66
"7",-49413.41,-49716.4,196,151,0.05,0.12,134,5,"EII","EII",77,77
"8",-49147.64,-49467.52,84,167,0.01,0.13,6,30,"EII","EII",88,88
"9",-48933.06,-49255.86,113,76,0.72,0.05,17,72,"EII","EII",99,99
"10",-48750.86,-49082.68,192,194,0.04,0.16,99,177,"EII","EII",110,110
