"","best_ll_s1","best_ll_s2","iter_best_s1","iter_best_s2","d_s1","d_s2","iter4sec_s1","iter4sec_s2","model_s1","model_s2","df_1","df_2"
"1",-1e+07,-1e+07,NA,NA,0,0,NA,NA,NA,NA,NA,NA
"2",-52263.87,-52386.97,98,38,0.02,0.31,43,33,"EII","EII",22,22
"3",-51512.56,-51703.42,65,143,0.16,0.08,2,131,"EII","EII",33,33
"4",-50777.07,-50944.34,196,96,0.04,0.01,140,37,"EII","EII",44,44
"5",-50059.02,-50387.89,57,114,0.02,0.01,43,27,"EII","EII",55,55
"6",-49745.46,-50001.34,136,40,0.01,0.31,71,32,"EII","EII",66,66
"7",-49413.13,-49716.42,170,144,0.06,0.17,37,109,"EII","EII",77,77
"8",-49147.52,-49467.58,105,39,0.44,0.12,12,4,"EII","EII",88,88
"9",-48932.77,-49255.33,199,64,0.34,0.47,24,46,"EII","EII",99,99
"10",-48750.5,-49082.84,137,89,0.54,0.05,78,41,"EII","EII",110,110
