"","best_ll_s1","best_ll_s2","iter_best_s1","iter_best_s2","d_s1","d_s2","iter4sec_s1","iter4sec_s2","model_s1","model_s2","df_1","df_2"
"1",-1e+07,-1e+07,NA,NA,0,0,NA,NA,NA,NA,NA,NA
"2",-52263.88,-52386.97,58,146,0.02,0.01,54,22,"EII","EII",22,22
"3",-51512.56,-51703.52,88,169,0.05,0.05,43,56,"EII","EII",33,33
"4",-50777.08,-50944.34,21,77,0.03,0.04,7,45,"EII","EII",44,44
"5",-50059.05,-50387.89,180,39,0.01,0.01,63,37,"EII","EII",55,55
"6",-49745.51,-50001.15,41,114,0.11,0.21,31,81,"EII","EII",66,66
"7",-49413.34,-49716.54,122,80,0.08,0.03,48,45,"EII","EII",77,77
"8",-49147.64,-49467.63,172,194,0,0.01,117,31,"EII","EII",88,88
"9",-48932.64,-49255.63,134,194,0.42,0.03,111,150,"EII","EII",99,99
"10",-48751.08,-49082.3,154,52,0.45,1.18,101,5,"EII","EII",110,110
