"","best_ll_s1","best_ll_s2","iter_best_s1","iter_best_s2","d_s1","d_s2","iter4sec_s1","iter4sec_s2","model_s1","model_s2","df_1","df_2"
"1",-1e+07,-1e+07,NA,NA,0,0,NA,NA,NA,NA,NA,NA
"2",-52263.87,-52386.97,1,118,519948000.33,0.02,0,103,"EII","EII",22,22
"3",-51512.65,-51703.48,199,178,0.02,0.04,49,175,"EII","EII",33,33
"4",-50777.05,-50944.35,53,189,0.1,0.01,23,71,"EII","EII",44,44
"5",-50059.06,-50387.86,8,87,0.33,0.09,5,44,"EII","EII",55,55
"6",-49745.72,-50001.24,102,152,0.12,0.1,7,82,"EII","EII",66,66
"7",-49413.12,-49716.52,29,80,0.27,0.33,23,66,"EII","EII",77,77
"8",-49147.6,-49467.34,120,181,0.19,0.35,93,115,"EII","EII",88,88
"9",-48932.96,-49255.46,117,21,0.33,0.05,89,18,"EII","EII",99,99
"10",-48751.14,-49082.34,7,142,21.09,0.32,5,7,"EII","EII",110,110
