"","best_ll_s1","best_ll_s2","iter_best_s1","iter_best_s2","d_s1","d_s2","iter4sec_s1","iter4sec_s2","model_s1","model_s2","df_1","df_2"
"1",-1e+07,-1e+07,NA,NA,0,0,NA,NA,NA,NA,NA,NA
"2",-52263.88,-52386.98,71,194,0.02,0,42,180,"EII","EII",22,22
"3",-51512.6,-51703.52,141,4,0.08,0.18,50,2,"EII","EII",33,33
"4",-50777,-50944.25,191,55,0.02,0.1,164,47,"EII","EII",44,44
"5",-50059.05,-50387.89,140,183,0.03,0.06,134,80,"EII","EII",55,55
"6",-49745.64,-50001.3,197,107,0.13,0.16,26,100,"EII","EII",66,66
"7",-49413.34,-49716.44,89,27,0.02,0.53,82,20,"EII","EII",77,77
"8",-49147.53,-49467.47,145,180,0.11,0.13,137,126,"EII","EII",88,88
"9",-48932.74,-49255.52,68,40,0.76,0.81,62,37,"EII","EII",99,99
"10",-48750.07,-49082.86,71,40,2.03,0.31,1,29,"EII","EII",110,110
