"","best_ll_s1","best_ll_s2","iter_best_s1","iter_best_s2","d_s1","d_s2","iter4sec_s1","iter4sec_s2","model_s1","model_s2","df_1","df_2"
"1",-1e+07,-1e+07,NA,NA,0,0,NA,NA,NA,NA,NA,NA
"2",-52263.87,-52386.96,51,150,0.04,0,9,87,"EII","EII",22,22
"3",-51512.64,-51703.52,90,14,0.1,0.06,18,13,"EII","EII",33,33
"4",-50777.04,-50944.27,56,67,0.08,0.09,6,27,"EII","EII",44,44
"5",-50058.99,-50387.84,156,98,0.06,0.06,26,15,"EII","EII",55,55
"6",-49745.46,-50001.23,149,15,0.14,0.26,89,2,"EII","EII",66,66
"7",-49413.14,-49716.37,193,152,0.13,0.11,124,83,"EII","EII",77,77
"8",-49147.72,-49467.56,22,114,0.16,0.06,9,40,"EII","EII",88,88
"9",-48933.13,-49256.12,114,17,0.67,23.76,75,9,"EII","EII",99,99
"10",-48750.1,-49083.12,166,72,0.75,0.49,30,16,"EII","EII",110,110
