"","best_ll_s1","best_ll_s2","iter_best_s1","iter_best_s2","d_s1","d_s2","iter4sec_s1","iter4sec_s2","model_s1","model_s2","df_1","df_2"
"1",-1e+07,-1e+07,NA,NA,0,0,NA,NA,NA,NA,NA,NA
"2",-52263.88,-52386.97,77,108,0.1,0.04,70,10,"EII","EII",22,22
"3",-51512.56,-51703.57,76,179,0.12,0,64,138,"EII","EII",33,33
"4",-50776.98,-50944.26,185,97,0.06,0.07,3,93,"EII","EII",44,44
"5",-50058.96,-50387.86,21,58,0.13,0.03,7,53,"EII","EII",55,55
"6",-49745.38,-50001.38,170,117,0.07,0.02,71,44,"EII","EII",66,66
"7",-49413.27,-49716.5,159,124,0.13,0.03,73,46,"EII","EII",77,77
"8",-49147.5,-49467.39,35,158,0.78,0.16,18,10,"EII","EII",88,88
"9",-48932.95,-49255.5,88,74,0.05,0.73,47,26,"EII","EII",99,99
"10",-48751.05,-49082.78,111,10,0.27,0.87,21,1,"EII","EII",110,110
