"","best_ll_s1","best_ll_s2","iter_best_s1","iter_best_s2","d_s1","d_s2","iter4sec_s1","iter4sec_s2","model_s1","model_s2","df_1","df_2"
"1",-1e+07,-1e+07,NA,NA,0,0,NA,NA,NA,NA,NA,NA
"2",-52263.87,-52386.96,10,164,0.29,0.01,8,108,"EII","EII",22,22
"3",-51512.61,-51703.5,27,55,0.23,0.07,21,8,"EII","EII",33,33
"4",-50777.02,-50944.3,137,32,0.09,0.06,30,6,"EII","EII",44,44
"5",-50059.07,-50387.88,52,111,0.05,0.02,23,57,"EII","EII",55,55
"6",-49745.42,-50001.34,157,189,0.32,0.07,131,61,"EII","EII",66,66
"7",-49413.39,-49716.49,37,114,0.16,0.18,13,38,"EII","EII",77,77
"8",-49147.59,-49467.32,112,124,0.15,0.28,79,25,"EII","EII",88,88
"9",-48933.14,-49255.76,36,83,0.38,0.25,19,42,"EII","EII",99,99
"10",-48750.83,-49082.68,168,11,0.37,23.35,132,8,"EII","EII",110,110
