"","best_ll_s1","best_ll_s2","iter_best_s1","iter_best_s2","d_s1","d_s2","iter4sec_s1","iter4sec_s2","model_s1","model_s2","df_1","df_2"
"1",-1e+07,-1e+07,NA,NA,0,0,NA,NA,NA,NA,NA,NA
"2",-52263.88,-52386.97,106,156,0.01,0,65,10,"EII","EII",22,22
"3",-51512.68,-51703.47,21,182,0.08,0.1,17,128,"EII","EII",33,33
"4",-50777.1,-50944.27,177,157,0.02,0.07,149,86,"EII","EII",44,44
"5",-50059.01,-50387.79,85,126,0.07,0.12,76,7,"EII","EII",55,55
"6",-49745.57,-50001.28,76,157,0.03,0.12,40,129,"EII","EII",66,66
"7",-49413.25,-49716.39,24,26,0.29,0.54,7,20,"EII","EII",77,77
"8",-49147.57,-49467.34,106,152,0.19,0.25,7,135,"EII","EII",88,88
"9",-48932.99,-49255.61,52,135,0.47,0.26,23,27,"EII","EII",99,99
"10",-48750.68,-49082.45,22,155,1.24,0.56,21,61,"EII","EII",110,110
