"","best_ll_s1","best_ll_s2","iter_best_s1","iter_best_s2","d_s1","d_s2","iter4sec_s1","iter4sec_s2","model_s1","model_s2","df_1","df_2"
"1",-1e+07,-1e+07,NA,NA,0,0,NA,NA,NA,NA,NA,NA
"2",-52263.88,-52386.96,55,56,0.04,0.02,5,5,"EII","EII",22,22
"3",-51512.52,-51703.5,196,95,0.1,0.05,78,41,"EII","EII",33,33
"4",-50777.05,-50944.34,49,63,0.01,0.04,16,9,"EII","EII",44,44
"5",-50058.97,-50387.86,136,85,0.06,0.01,134,64,"EII","EII",55,55
"6",-49745.42,-50001.28,46,107,0.14,0.03,11,64,"EII","EII",66,66
"7",-49413.05,-49716.56,116,155,0.46,0.15,96,89,"EII","EII",77,77
"8",-49147.57,-49467.58,81,147,0.1,0.22,72,38,"EII","EII",88,88
"9",-48933.01,-49255.52,53,61,0.72,0.54,18,43,"EII","EII",99,99
"10",-48750.54,-49082.79,97,164,0.33,0.27,9,124,"EII","EII",110,110
