"","best_ll_s1","best_ll_s2","iter_best_s1","iter_best_s2","d_s1","d_s2","iter4sec_s1","iter4sec_s2","model_s1","model_s2","df_1","df_2"
"1",-1e+07,-1e+07,NA,NA,0,0,NA,NA,NA,NA,NA,NA
"2",-52263.87,-52386.96,147,96,0.03,0.02,92,46,"EII","EII",22,22
"3",-51512.53,-51703.53,164,37,0.07,0.12,146,36,"EII","EII",33,33
"4",-50776.97,-50944.34,73,192,0.06,0,59,4,"EII","EII",44,44
"5",-50059.06,-50387.88,112,186,0.03,0,22,130,"EII","EII",55,55
"6",-49745.33,-50001.34,117,38,0.4,0.08,43,37,"EII","EII",66,66
"7",-49413.05,-49716.53,112,50,0.47,0.28,15,6,"EII","EII",77,77
"8",-49147.89,-49467.54,182,190,0.14,0.02,112,145,"EII","EII",88,88
"9",-48932.85,-49255.28,54,49,0.56,0.77,35,42,"EII","EII",99,99
"10",-48750.58,-49082.44,18,18,1.52,0.53,7,15,"EII","EII",110,110
