"","best_ll_s1","best_ll_s2","iter_best_s1","iter_best_s2","d_s1","d_s2","iter4sec_s1","iter4sec_s2","model_s1","model_s2","df_1","df_2"
"1",-1e+07,-1e+07,NA,NA,0,0,NA,NA,NA,NA,NA,NA
"2",-52263.87,-52386.97,160,173,0.01,0.04,79,60,"EII","EII",22,22
"3",-51512.45,-51703.39,128,37,0.25,0.22,20,4,"EII","EII",33,33
"4",-50777.01,-50944.31,37,97,0.13,0.04,22,77,"EII","EII",44,44
"5",-50058.99,-50387.89,167,124,0.03,0,29,26,"EII","EII",55,55
"6",-49745.5,-50001.2,49,169,0.54,0.11,26,127,"EII","EII",66,66
"7",-49413.22,-49716.45,3,72,7.49,0.29,2,45,"EII","EII",77,77
"8",-49147.93,-49467.38,58,150,0.1,0.3,19,10,"EII","EII",88,88
"9",-48933,-49255.88,90,185,0.34,0.02,54,68,"EII","EII",99,99
"10",-48750.86,-49083.1,61,187,1.04,0.11,55,182,"EII","EII",110,110
