"","best_ll_s1","best_ll_s2","iter_best_s1","iter_best_s2","d_s1","d_s2","iter4sec_s1","iter4sec_s2","model_s1","model_s2","df_1","df_2"
"1",-1e+07,-1e+07,NA,NA,0,0,NA,NA,NA,NA,NA,NA
"2",-52263.86,-52386.98,97,51,0.01,0.04,71,21,"EII","EII",22,22
"3",-51512.66,-51703.49,164,35,0.01,0.09,104,14,"EII","EII",33,33
"4",-50777.11,-50944.26,157,99,0,0.15,120,64,"EII","EII",44,44
"5",-50058.95,-50387.87,144,128,0.05,0.03,32,3,"EII","EII",55,55
"6",-49745.48,-50001.41,184,188,0.07,0,92,52,"EII","EII",66,66
"7",-49413.18,-49716.42,148,36,0.08,0.42,116,35,"EII","EII",77,77
"8",-49147.64,-49467.52,182,133,0.02,0.01,24,47,"EII","EII",88,88
"9",-48933.12,-49255.46,123,91,0.1,0.31,90,79,"EII","EII",99,99
"10",-48751.72,-49082.72,125,49,0.1,0.65,13,18,"EII","EII",110,110
