"","best_ll_s1","best_ll_s2","iter_best_s1","iter_best_s2","d_s1","d_s2","iter4sec_s1","iter4sec_s2","model_s1","model_s2","df_1","df_2"
"1",-1e+07,-1e+07,NA,NA,0,0,NA,NA,NA,NA,NA,NA
"2",-52263.87,-52386.98,189,26,0.06,0.07,33,3,"EII","EII",22,22
"3",-51512.3,-51703.47,24,1,0.83,50949000.17,6,0,"EII","EII",33,33
"4",-50777.08,-50944.27,50,136,0.11,0.1,39,29,"EII","EII",44,44
"5",-50059.1,-50387.81,48,66,0.02,0.1,29,39,"EII","EII",55,55
"6",-49745.21,-50001.35,19,132,0.72,0.05,5,36,"EII","EII",66,66
"7",-49413.27,-49716.59,41,162,0.03,0.04,10,52,"EII","EII",77,77
"8",-49147.82,-49467.62,4,157,60.45,0.17,1,103,"EII","EII",88,88
"9",-48932.98,-49255.41,117,164,0.1,0.41,17,48,"EII","EII",99,99
"10",-48751.24,-49082.18,122,28,0.49,1.34,85,1,"EII","EII",110,110
