"","best_ll_s1","best_ll_s2","iter_best_s1","iter_best_s2","d_s1","d_s2","iter4sec_s1","iter4sec_s2","model_s1","model_s2","df_1","df_2"
"1",-1e+07,-1e+07,NA,NA,0,0,NA,NA,NA,NA,NA,NA
"2",-52263.87,-52386.96,158,92,0.01,0.05,147,27,"EII","EII",22,22
"3",-51512.52,-51703.49,200,51,0.06,0,98,37,"EII","EII",33,33
"4",-50777.1,-50944.34,149,36,0.01,0.05,30,12,"EII","EII",44,44
"5",-50058.95,-50387.92,55,4,0.23,0.18,26,3,"EII","EII",55,55
"6",-49745.21,-50001.33,21,34,0.4,0.12,6,31,"EII","EII",66,66
"7",-49413.44,-49716.71,63,36,0.05,0.79,31,23,"EII","EII",77,77
"8",-49147.49,-49467.35,105,36,0.04,0.55,103,15,"EII","EII",88,88
"9",-48932.91,-49255.9,186,83,0.11,0.21,28,63,"EII","EII",99,99
"10",-48750.39,-49083.28,15,34,0.92,1.58,10,27,"EII","EII",110,110
