"","best_ll_s1","best_ll_s2","iter_best_s1","iter_best_s2","d_s1","d_s2","iter4sec_s1","iter4sec_s2","model_s1","model_s2","df_1","df_2"
"1",-1e+07,-1e+07,NA,NA,0,0,NA,NA,NA,NA,NA,NA
"2",-52263.88,-52386.97,163,11,0.02,0.31,137,3,"EII","EII",22,22
"3",-51512.58,-51703.52,22,66,0.26,0.09,19,38,"EII","EII",33,33
"4",-50777.08,-50944.29,133,44,0.01,0.03,22,40,"EII","EII",44,44
"5",-50058.97,-50387.85,31,161,0.13,0.04,19,129,"EII","EII",55,55
"6",-49745.49,-50001.36,167,82,0.13,0.06,103,43,"EII","EII",66,66
"7",-49413.2,-49716.46,89,167,0.12,0.12,69,28,"EII","EII",77,77
"8",-49147.71,-49467.59,130,104,0.1,0.09,114,69,"EII","EII",88,88
"9",-48932.9,-49255.6,11,2,70.57,22.83,7,1,"EII","EII",99,99
"10",-48751.25,-49083.08,71,95,0.18,0.15,60,62,"EII","EII",110,110
