"","best_ll_s1","best_ll_s2","iter_best_s1","iter_best_s2","d_s1","d_s2","iter4sec_s1","iter4sec_s2","model_s1","model_s2","df_1","df_2"
"1",-1e+07,-1e+07,NA,NA,0,0,NA,NA,NA,NA,NA,NA
"2",-52263.88,-52386.95,155,129,0.01,0.01,86,104,"EII","EII",22,22
"3",-51512.65,-51703.53,106,48,0.03,0.13,5,46,"EII","EII",33,33
"4",-50777.11,-50944.32,168,150,0,0.01,44,1,"EII","EII",44,44
"5",-50058.98,-50387.83,179,35,0.05,0.16,148,9,"EII","EII",55,55
"6",-49745.24,-50001.25,178,35,0.19,0.11,85,18,"EII","EII",66,66
"7",-49413.27,-49716.48,104,56,0.02,0.14,6,6,"EII","EII",77,77
"8",-49147.48,-49467.58,25,23,0.56,1.18,21,17,"EII","EII",88,88
"9",-48933.15,-49255.56,164,79,0.02,0.79,24,22,"EII","EII",99,99
"10",-48750.14,-49083.26,175,54,0.21,0.28,94,18,"EII","EII",110,110
