"","best_ll_s1","best_ll_s2","iter_best_s1","iter_best_s2","d_s1","d_s2","iter4sec_s1","iter4sec_s2","model_s1","model_s2","df_1","df_2"
"1",-1e+07,-1e+07,NA,NA,0,0,NA,NA,NA,NA,NA,NA
"2",-52263.87,-52386.96,118,151,0.04,0,36,16,"EII","EII",22,22
"3",-51512.48,-51703.51,185,79,0.15,0.05,35,26,"EII","EII",33,33
"4",-50777,-50944.36,72,123,0.09,0,17,50,"EII","EII",44,44
"5",-50059.02,-50387.9,20,28,0.24,0.02,10,6,"EII","EII",55,55
"6",-49745.46,-50001.3,24,10,0.57,0.29,8,7,"EII","EII",66,66
"7",-49413.23,-49716.4,24,157,0.11,0.04,23,111,"EII","EII",77,77
"8",-49147.62,-49467.45,65,175,0.3,0.12,44,150,"EII","EII",88,88
"9",-48933.01,-49255.63,176,69,0.12,0.01,74,63,"EII","EII",99,99
"10",-48750.65,-49083.16,53,57,0.88,0.41,46,55,"EII","EII",110,110
