"","best_ll_s1","best_ll_s2","iter_best_s1","iter_best_s2","d_s1","d_s2","iter4sec_s1","iter4sec_s2","model_s1","model_s2","df_1","df_2"
"1",-1e+07,-1e+07,NA,NA,0,0,NA,NA,NA,NA,NA,NA
"2",-52263.87,-52386.97,85,85,0.01,0,2,77,"EII","EII",22,22
"3",-51512.5,-51703.5,163,1,0.11,50949000.14,114,0,"EII","EII",33,33
"4",-50777.03,-50944.31,131,173,0.09,0.05,20,107,"EII","EII",44,44
"5",-50059.03,-50387.89,61,174,0.01,0,43,172,"EII","EII",55,55
"6",-49745.36,-50001.47,106,104,0.12,0.01,70,4,"EII","EII",66,66
"7",-49413.36,-49716.38,10,55,0.64,0.48,7,31,"EII","EII",77,77
"8",-49147.77,-49467.42,133,146,0.07,0.04,31,29,"EII","EII",88,88
"9",-48932.93,-49255.39,44,56,0.13,0.97,24,48,"EII","EII",99,99
"10",-48750.85,-49083.43,93,4,0.35,23.17,13,2,"EII","EII",110,110
