"","best_ll_s1","best_ll_s2","iter_best_s1","iter_best_s2","d_s1","d_s2","iter4sec_s1","iter4sec_s2","model_s1","model_s2","df_1","df_2"
"1",-1e+07,-1e+07,NA,NA,0,0,NA,NA,NA,NA,NA,NA
"2",-52263.88,-52386.96,100,64,0.05,0.03,56,14,"EII","EII",22,22
"3",-51512.43,-51703.49,99,69,0.11,0.03,31,5,"EII","EII",33,33
"4",-50776.99,-50944.3,89,164,0.06,0.02,37,45,"EII","EII",44,44
"5",-50059.1,-50387.78,69,97,0,0.15,46,24,"EII","EII",55,55
"6",-49745.43,-50001.38,71,30,0.26,0.15,14,15,"EII","EII",66,66
"7",-49413.06,-49716.53,96,151,0.48,0.09,85,146,"EII","EII",77,77
"8",-49147.4,-49467.55,61,36,0.31,0.17,30,29,"EII","EII",88,88
"9",-48932.99,-49255.61,147,127,0.11,0.47,39,78,"EII","EII",99,99
"10",-48750.89,-49082.66,182,94,0.69,0.71,138,28,"EII","EII",110,110
