"","best_ll_s1","best_ll_s2","iter_best_s1","iter_best_s2","d_s1","d_s2","iter4sec_s1","iter4sec_s2","model_s1","model_s2","df_1","df_2"
"1",-1e+07,-1e+07,NA,NA,0,0,NA,NA,NA,NA,NA,NA
"2",-52263.88,-52386.96,137,19,0.01,0.06,32,3,"EII","EII",22,22
"3",-51512.61,-51703.54,100,5,0.12,0.22,5,4,"EII","EII",33,33
"4",-50777.11,-50944.34,78,184,0.01,0.02,51,124,"EII","EII",44,44
"5",-50059.07,-50387.84,47,83,0,0.05,8,51,"EII","EII",55,55
"6",-49745.41,-50001.29,8,156,1.12,0.1,1,95,"EII","EII",66,66
"7",-49413.08,-49716.53,32,11,0.53,0.68,25,9,"EII","EII",77,77
"8",-49147.52,-49467.65,20,154,0.17,0.08,18,14,"EII","EII",88,88
"9",-48932.76,-49255.7,148,31,0.03,0.22,129,29,"EII","EII",99,99
"10",-48751.09,-49082.29,29,32,0.84,1.03,6,21,"EII","EII",110,110
