"","best_ll_s1","best_ll_s2","iter_best_s1","iter_best_s2","d_s1","d_s2","iter4sec_s1","iter4sec_s2","model_s1","model_s2","df_1","df_2"
"1",-1e+07,-1e+07,NA,NA,0,0,NA,NA,NA,NA,NA,NA
"2",-52263.89,-52386.98,136,7,0.01,0.27,28,2,"EII","EII",22,22
"3",-51512.44,-51703.53,44,68,0.24,0.02,9,23,"EII","EII",33,33
"4",-50777.02,-50944.27,76,197,0.02,0.06,6,88,"EII","EII",44,44
"5",-50059.04,-50387.89,197,8,0.03,0.06,121,3,"EII","EII",55,55
"6",-49745.46,-50001.27,151,184,0.26,0.17,113,148,"EII","EII",66,66
"7",-49413.03,-49716.6,186,135,0.16,0.13,28,5,"EII","EII",77,77
"8",-49147.63,-49467.58,129,102,0.1,0.15,68,40,"EII","EII",88,88
"9",-48933.33,-49255.8,73,160,0.23,0.03,39,145,"EII","EII",99,99
"10",-48751.08,-49083.08,21,38,0.41,0.42,3,17,"EII","EII",110,110
