"","best_ll_s1","best_ll_s2","iter_best_s1","iter_best_s2","d_s1","d_s2","iter4sec_s1","iter4sec_s2","model_s1","model_s2","df_1","df_2"
"1",-1e+07,-1e+07,NA,NA,0,0,NA,NA,NA,NA,NA,NA
"2",-52263.87,-52386.97,78,66,0.02,0.01,23,48,"EII","EII",22,22
"3",-51512.54,-51703.55,94,173,0.09,0,2,149,"EII","EII",33,33
"4",-50777.06,-50944.35,125,106,0.01,0.03,25,100,"EII","EII",44,44
"5",-50058.95,-50387.89,16,108,0.18,0.02,14,80,"EII","EII",55,55
"6",-49745.39,-50001.32,24,147,0.14,0.02,16,75,"EII","EII",66,66
"7",-49412.94,-49716.33,75,155,0.27,0.14,65,115,"EII","EII",77,77
"8",-49147.67,-49467.36,193,82,0.32,0.06,157,56,"EII","EII",88,88
"9",-48932.76,-49255.43,90,155,0.5,0.07,25,105,"EII","EII",99,99
"10",-48750.9,-49082.99,123,154,0.68,0.39,98,136,"EII","EII",110,110
