"","best_ll_s1","best_ll_s2","iter_best_s1","iter_best_s2","d_s1","d_s2","iter4sec_s1","iter4sec_s2","model_s1","model_s2","df_1","df_2"
"1",-1e+07,-1e+07,NA,NA,0,0,NA,NA,NA,NA,NA,NA
"2",-52263.9,-52386.98,121,177,0.02,0.03,109,129,"EII","EII",22,22
"3",-51512.65,-51703.52,26,46,0.26,0,18,31,"EII","EII",33,33
"4",-50777.01,-50944.34,192,189,0.11,0.01,94,1,"EII","EII",44,44
"5",-50058.99,-50387.87,135,67,0.04,0.02,8,41,"EII","EII",55,55
"6",-49745.34,-50001.38,191,140,0.2,0.01,117,97,"EII","EII",66,66
"7",-49413.07,-49716.56,45,58,0.17,0.08,35,28,"EII","EII",77,77
"8",-49147.54,-49467.24,156,117,0.45,0.15,140,89,"EII","EII",88,88
"9",-48932.71,-49255.43,11,51,2.15,0.29,4,47,"EII","EII",99,99
"10",-48750.82,-49082.74,147,145,0.14,0.06,95,41,"EII","EII",110,110
