"","best_ll_s1","best_ll_s2","iter_best_s1","iter_best_s2","d_s1","d_s2","iter4sec_s1","iter4sec_s2","model_s1","model_s2","df_1","df_2"
"1",-1e+07,-1e+07,NA,NA,0,0,NA,NA,NA,NA,NA,NA
"2",-52263.88,-52386.96,142,77,0.04,0.04,85,22,"EII","EII",22,22
"3",-51512.49,-51703.46,184,105,0,0.09,94,12,"EII","EII",33,33
"4",-50777.02,-50944.35,84,132,0.07,0.01,58,11,"EII","EII",44,44
"5",-50058.93,-50387.88,165,133,0.02,0,32,79,"EII","EII",55,55
"6",-49745.46,-50001.36,25,57,0.76,0.18,7,39,"EII","EII",66,66
"7",-49412.96,-49716.47,67,172,0.31,0.06,23,41,"EII","EII",77,77
"8",-49147.65,-49467.38,146,101,0.31,0.02,62,67,"EII","EII",88,88
"9",-48933.21,-49255.5,65,54,0.16,0.46,26,3,"EII","EII",99,99
"10",-48750.42,-49083.61,153,160,0.24,0.17,125,7,"EII","EII",110,110
