"","best_ll_s1","best_ll_s2","iter_best_s1","iter_best_s2","d_s1","d_s2","iter4sec_s1","iter4sec_s2","model_s1","model_s2","df_1","df_2"
"1",-1e+07,-1e+07,NA,NA,0,0,NA,NA,NA,NA,NA,NA
"2",-52263.88,-52386.97,58,28,0.06,0.08,51,17,"EII","EII",22,22
"3",-51512.37,-51703.44,113,118,0.31,0.14,66,40,"EII","EII",33,33
"4",-50777.02,-50944.31,142,171,0.09,0.03,83,98,"EII","EII",44,44
"5",-50058.95,-50387.88,32,35,0.16,0.09,29,19,"EII","EII",55,55
"6",-49745.44,-50001.22,199,172,0.05,0.18,36,126,"EII","EII",66,66
"7",-49413.06,-49716.5,44,173,0.57,0.04,10,66,"EII","EII",77,77
"8",-49147.81,-49467.52,93,108,0.13,0.07,18,49,"EII","EII",88,88
"9",-48932.87,-49255.79,192,26,0.13,0.05,79,8,"EII","EII",99,99
"10",-48751.04,-49083.02,59,114,0.46,0.2,41,70,"EII","EII",110,110
