"","best_ll_s1","best_ll_s2","iter_best_s1","iter_best_s2","d_s1","d_s2","iter4sec_s1","iter4sec_s2","model_s1","model_s2","df_1","df_2"
"1",-1e+07,-1e+07,NA,NA,0,0,NA,NA,NA,NA,NA,NA
"2",-52263.89,-52386.97,177,92,0.01,0.01,82,4,"EII","EII",22,22
"3",-51512.67,-51703.53,19,129,0.1,0.01,11,69,"EII","EII",33,33
"4",-50777.12,-50944.28,7,125,0.07,0.07,3,1,"EII","EII",44,44
"5",-50059.05,-50387.89,138,32,0.06,0.07,56,6,"EII","EII",55,55
"6",-49745.55,-50001.36,127,38,0.09,0.08,77,15,"EII","EII",66,66
"7",-49413.28,-49716.39,25,127,0.38,0.17,12,121,"EII","EII",77,77
"8",-49147.5,-49467.33,9,127,0.54,0.56,6,110,"EII","EII",88,88
"9",-48932.61,-49255.46,184,102,0.44,0.76,161,55,"EII","EII",99,99
"10",-48750.83,-49083.2,32,90,0.2,0.08,12,80,"EII","EII",110,110
