"","best_ll_s1","best_ll_s2","iter_best_s1","iter_best_s2","d_s1","d_s2","iter4sec_s1","iter4sec_s2","model_s1","model_s2","df_1","df_2"
"1",-1e+07,-1e+07,NA,NA,0,0,NA,NA,NA,NA,NA,NA
"2",-52263.89,-52386.96,132,12,0.01,0.33,1,4,"EII","EII",22,22
"3",-51512.4,-51703.37,112,71,0.29,0.16,48,11,"EII","EII",33,33
"4",-50776.95,-50944.29,133,196,0.17,0.01,112,161,"EII","EII",44,44
"5",-50059.06,-50387.9,25,84,0.01,0.01,3,27,"EII","EII",55,55
"6",-49745.5,-50001.42,57,150,0.28,0.04,48,101,"EII","EII",66,66
"7",-49413.12,-49716.5,155,36,0.09,0.27,46,2,"EII","EII",77,77
"8",-49147.46,-49467.52,58,27,0.6,0.63,14,19,"EII","EII",88,88
"9",-48933.02,-49255.81,129,42,0.15,0.08,35,24,"EII","EII",99,99
"10",-48750.82,-49082.44,152,96,0.12,0.55,48,51,"EII","EII",110,110
