"","best_ll_s1","best_ll_s2","iter_best_s1","iter_best_s2","d_s1","d_s2","iter4sec_s1","iter4sec_s2","model_s1","model_s2","df_1","df_2"
"1",-1e+07,-1e+07,NA,NA,0,0,NA,NA,NA,NA,NA,NA
"2",-52263.89,-52386.95,81,103,0,0.05,4,51,"EII","EII",22,22
"3",-51512.47,-51703.56,174,69,0.11,0.03,118,37,"EII","EII",33,33
"4",-50777.11,-50944.33,98,176,0.01,0.01,97,151,"EII","EII",44,44
"5",-50059,-50387.87,136,131,0.03,0.03,134,40,"EII","EII",55,55
"6",-49745.56,-50001.39,72,126,0.14,0.08,19,81,"EII","EII",66,66
"7",-49413.24,-49716.62,165,41,0.05,0.25,153,19,"EII","EII",77,77
"8",-49147.31,-49467.7,51,1,0.68,489951001.01,11,0,"EII","EII",88,88
"9",-48932.89,-49255.71,39,12,0.09,61.28,33,3,"EII","EII",99,99
"10",-48750.86,-49082.63,175,35,0.18,0.67,56,15,"EII","EII",110,110
