"","best_ll_s1","best_ll_s2","iter_best_s1","iter_best_s2","d_s1","d_s2","iter4sec_s1","iter4sec_s2","model_s1","model_s2","df_1","df_2"
"1",-1e+07,-1e+07,NA,NA,0,0,NA,NA,NA,NA,NA,NA
"2",-52263.88,-52386.95,154,40,0.01,0.06,128,30,"EII","EII",22,22
"3",-51512.69,-51703.48,182,123,0.04,0.06,2,85,"EII","EII",33,33
"4",-50777.03,-50944.33,103,112,0.11,0.03,78,10,"EII","EII",44,44
"5",-50058.92,-50387.89,5,26,0.26,0.11,1,23,"EII","EII",55,55
"6",-49745.38,-50001.3,163,175,0.1,0.04,12,19,"EII","EII",66,66
"7",-49413.02,-49716.38,86,25,0.08,0.35,48,21,"EII","EII",77,77
"8",-49147.76,-49467.39,17,100,0.57,0.41,12,34,"EII","EII",88,88
"9",-48933.19,-49255.88,39,158,0.16,0.11,1,1,"EII","EII",99,99
"10",-48751.08,-49082.34,175,164,0.08,0.2,42,158,"EII","EII",110,110
