"","best_ll_s1","best_ll_s2","iter_best_s1","iter_best_s2","d_s1","d_s2","iter4sec_s1","iter4sec_s2","model_s1","model_s2","df_1","df_2"
"1",-1e+07,-1e+07,NA,NA,0,0,NA,NA,NA,NA,NA,NA
"2",-52263.88,-52387.02,18,138,0.28,0.01,2,1,"EII","EII",22,22
"3",-51512.61,-51703.53,160,156,0.03,0,81,78,"EII","EII",33,33
"4",-50777.06,-50944.31,75,164,0.06,0.03,3,65,"EII","EII",44,44
"5",-50058.98,-50387.89,192,151,0.04,0,121,90,"EII","EII",55,55
"6",-49745.22,-50002.61,194,2,0.25,0,23,1,"EII","EII",66,66
"7",-49413.13,-49716.4,81,73,0.14,0.15,58,43,"EII","EII",77,77
"8",-49147.52,-49467.53,93,111,0.51,0.1,55,70,"EII","EII",88,88
"9",-48933.16,-49255.54,181,12,0.09,79.23,14,6,"EII","EII",99,99
"10",-48750.99,-49082.88,199,112,0.64,0.23,102,96,"EII","EII",110,110
