"","best_ll_s1","best_ll_s2","iter_best_s1","iter_best_s2","d_s1","d_s2","iter4sec_s1","iter4sec_s2","model_s1","model_s2","df_1","df_2"
"1",-1e+07,-1e+07,NA,NA,0,0,NA,NA,NA,NA,NA,NA
"2",-52263.87,-52386.98,85,19,0.03,0.05,28,9,"EII","EII",22,22
"3",-51512.51,-51703.42,45,35,0.53,0.15,14,31,"EII","EII",33,33
"4",-50777.1,-50944.28,199,99,0.04,0.07,49,3,"EII","EII",44,44
"5",-50059.07,-50387.83,21,62,0.03,0.05,17,22,"EII","EII",55,55
"6",-49745.59,-50001.32,55,63,0.21,0.09,11,9,"EII","EII",66,66
"7",-49412.97,-49716.58,51,132,0.52,0.02,37,69,"EII","EII",77,77
"8",-49147.58,-49467.49,21,74,0.61,0.03,13,7,"EII","EII",88,88
"9",-48932.57,-49255.56,172,16,0.12,1.65,145,1,"EII","EII",99,99
"10",-48750.73,-49082.91,196,64,0.46,0.78,174,31,"EII","EII",110,110
