"","best_ll_s1","best_ll_s2","iter_best_s1","iter_best_s2","d_s1","d_s2","iter4sec_s1","iter4sec_s2","model_s1","model_s2","df_1","df_2"
"1",-1e+07,-1e+07,NA,NA,0,0,NA,NA,NA,NA,NA,NA
"2",-52263.88,-52386.97,103,164,0.01,0.02,10,10,"EII","EII",22,22
"3",-51512.4,-51703.5,6,134,0.26,0.07,2,123,"EII","EII",33,33
"4",-50777.08,-50944.3,190,21,0,0.17,24,20,"EII","EII",44,44
"5",-50059,-50387.91,155,163,0.07,0.04,141,128,"EII","EII",55,55
"6",-49745.53,-50001.29,134,33,0.01,0.18,28,29,"EII","EII",66,66
"7",-49413.26,-49716.58,100,88,0.18,0.19,28,47,"EII","EII",77,77
"8",-49147.58,-49467.48,100,49,0.06,0.46,98,25,"EII","EII",88,88
"9",-48933.07,-49256.04,79,102,0.21,0,1,11,"EII","EII",99,99
"10",-48749.9,-49082.97,43,172,1.63,0.27,41,158,"EII","EII",110,110
