"","best_ll_s1","best_ll_s2","iter_best_s1","iter_best_s2","d_s1","d_s2","iter4sec_s1","iter4sec_s2","model_s1","model_s2","df_1","df_2"
"1",-1e+07,-1e+07,NA,NA,0,0,NA,NA,NA,NA,NA,NA
"2",-52263.87,-52387,139,139,0,0,54,136,"EII","EII",22,22
"3",-51512.67,-51703.54,34,134,0.28,0.03,31,79,"EII","EII",33,33
"4",-50777.11,-50944.34,121,120,0.01,0.01,95,56,"EII","EII",44,44
"5",-50058.96,-50387.85,52,163,0.02,0.04,26,133,"EII","EII",55,55
"6",-49745.42,-50001.41,20,8,0.7,1.21,17,5,"EII","EII",66,66
"7",-49413.24,-49716.26,169,163,0.08,0.16,82,122,"EII","EII",77,77
"8",-49147.55,-49467.61,139,81,0.23,0.03,68,70,"EII","EII",88,88
"9",-48933.05,-49255.36,109,35,0.39,1.32,76,25,"EII","EII",99,99
"10",-48751.07,-49083.26,155,131,0.02,0.08,106,15,"EII","EII",110,110
