"","best_ll_s1","best_ll_s2","iter_best_s1","iter_best_s2","d_s1","d_s2","iter4sec_s1","iter4sec_s2","model_s1","model_s2","df_1","df_2"
"1",-1e+07,-1e+07,NA,NA,0,0,NA,NA,NA,NA,NA,NA
"2",-52263.87,-52386.95,150,150,0.01,0.02,54,135,"EII","EII",22,22
"3",-51512.37,-51703.51,21,1,0.21,50949000.13,15,0,"EII","EII",33,33
"4",-50777.01,-50944.34,39,92,0.1,0.01,10,30,"EII","EII",44,44
"5",-50059.04,-50387.89,11,97,0.13,0.01,10,45,"EII","EII",55,55
"6",-49745.73,-50001.36,173,66,0.03,0.04,78,32,"EII","EII",66,66
"7",-49412.98,-49716.35,44,178,0.22,0.15,37,101,"EII","EII",77,77
"8",-49147.69,-49467.4,178,140,0.07,0.08,121,3,"EII","EII",88,88
"9",-48933.07,-49255.47,141,43,0.06,0.47,10,3,"EII","EII",99,99
"10",-48750.86,-49082.57,9,78,4.94,1.35,4,59,"EII","EII",110,110
