"","best_ll_s1","best_ll_s2","iter_best_s1","iter_best_s2","d_s1","d_s2","iter4sec_s1","iter4sec_s2","model_s1","model_s2","df_1","df_2"
"1",-1e+07,-1e+07,NA,NA,0,0,NA,NA,NA,NA,NA,NA
"2",-52263.87,-52386.97,183,131,0,0.01,183,51,"EII","EII",22,22
"3",-51512.56,-51703.47,15,10,0.29,0.1,4,7,"EII","EII",33,33
"4",-50776.98,-50944.29,83,87,0.09,0.09,58,85,"EII","EII",44,44
"5",-50059.07,-50387.9,191,47,0.02,0.1,126,32,"EII","EII",55,55
"6",-49745.25,-50001.35,74,133,0.41,0.01,72,100,"EII","EII",66,66
"7",-49413.32,-49716.52,124,174,0.05,0.07,75,55,"EII","EII",77,77
"8",-49147.57,-49467.29,33,43,0.04,0.39,22,8,"EII","EII",88,88
"9",-48933.08,-49256.2,47,6,0.08,2.12,36,3,"EII","EII",99,99
"10",-48750.63,-49082.68,36,155,0.73,0.6,1,9,"EII","EII",110,110
