"","best_ll_s1","best_ll_s2","iter_best_s1","iter_best_s2","d_s1","d_s2","iter4sec_s1","iter4sec_s2","model_s1","model_s2","df_1","df_2"
"1",-1e+07,-1e+07,NA,NA,0,0,NA,NA,NA,NA,NA,NA
"2",-52263.88,-52386.96,41,161,0.05,0.03,32,3,"EII","EII",22,22
"3",-51512.65,-51703.54,148,100,0.05,0.06,137,40,"EII","EII",33,33
"4",-50777.11,-50944.34,35,54,0.03,0.07,16,48,"EII","EII",44,44
"5",-50058.92,-50387.88,54,161,0.17,0,44,12,"EII","EII",55,55
"6",-49745.58,-50001.39,62,85,0.5,0.09,23,3,"EII","EII",66,66
"7",-49412.89,-49716.6,178,77,0.5,0.22,123,24,"EII","EII",77,77
"8",-49147.69,-49467.4,47,195,0.27,0.28,1,127,"EII","EII",88,88
"9",-48933.27,-49255.71,161,198,0.09,0.06,40,155,"EII","EII",99,99
"10",-48751.12,-49082.75,25,75,0.32,0.35,4,8,"EII","EII",110,110
