"","best_ll_s1","best_ll_s2","iter_best_s1","iter_best_s2","d_s1","d_s2","iter4sec_s1","iter4sec_s2","model_s1","model_s2","df_1","df_2"
"1",-1e+07,-1e+07,NA,NA,0,0,NA,NA,NA,NA,NA,NA
"2",-52263.87,-52386.96,93,98,0.04,0.09,38,55,"EII","EII",22,22
"3",-51512.62,-51703.52,40,49,0.3,0.08,14,4,"EII","EII",33,33
"4",-50777.07,-50944.25,16,162,0.33,0.06,6,150,"EII","EII",44,44
"5",-50059.04,-50387.87,96,150,0.01,0.04,18,130,"EII","EII",55,55
"6",-49745.43,-50001.43,73,164,0.26,0,7,119,"EII","EII",66,66
"7",-49413.12,-49716.36,51,33,0.01,0.62,36,6,"EII","EII",77,77
"8",-49147.73,-49467.49,132,154,0.27,0.01,94,36,"EII","EII",88,88
"9",-48933.13,-49255.59,97,12,0.04,0.93,13,8,"EII","EII",99,99
"10",-48750.63,-49082.93,76,178,0.92,0.28,66,39,"EII","EII",110,110
