"","best_ll_s1","best_ll_s2","iter_best_s1","iter_best_s2","d_s1","d_s2","iter4sec_s1","iter4sec_s2","model_s1","model_s2","df_1","df_2"
"1",-1e+07,-1e+07,NA,NA,0,0,NA,NA,NA,NA,NA,NA
"2",-52263.88,-52386.96,111,142,0,0,111,142,"EII","EII",22,22
"3",-51512.69,-51703.51,191,127,0.03,0,83,127,"EII","EII",33,33
"4",-50777.04,-50944.33,190,90,0.14,0,175,90,"EII","EII",44,44
"5",-50059.08,-50387.83,93,64,0.02,0.08,67,40,"EII","EII",55,55
"6",-49745.23,-50001.41,148,40,0.32,0.05,120,11,"EII","EII",66,66
"7",-49413.24,-49716.61,148,129,0.01,0,45,129,"EII","EII",77,77
"8",-49147.71,-49467.47,2,79,0,0,2,79,"EII","EII",88,88
"9",-48932.8,-49255.77,10,89,0.3,0,2,89,"EII","EII",99,99
"10",-48750.99,-49082.92,86,104,0.49,0.74,66,69,"EII","EII",110,110
