"","best_ll_s1","best_ll_s2","iter_best_s1","iter_best_s2","d_s1","d_s2","iter4sec_s1","iter4sec_s2","model_s1","model_s2","df_1","df_2"
"1",-1e+07,-1e+07,NA,NA,0,0,NA,NA,NA,NA,NA,NA
"2",-52263.89,-52386.96,126,20,0,0,125,20,"EII","EII",22,22
"3",-51512.41,-51703.5,144,174,0,0.01,144,112,"EII","EII",33,33
"4",-50777.03,-50944.32,188,57,0.04,0.04,37,28,"EII","EII",44,44
"5",-50059.06,-50387.86,71,101,0.04,0,8,101,"EII","EII",55,55
"6",-49745.56,-50001.27,124,187,0.22,0.08,6,114,"EII","EII",66,66
"7",-49413.21,-49716.45,153,148,0,0.34,153,156,"EII","EII",77,77
"8",-49147.62,-49467.51,95,186,0,0.01,95,142,"EII","EII",88,88
"9",-48932.76,-49255.63,90,153,0,0.55,90,21,"EII","EII",99,99
"10",-48750.56,-49082.38,150,64,0.8,0,84,64,"EII","EII",110,110
