"","best_ll_s1","best_ll_s2","iter_best_s1","iter_best_s2","d_s1","d_s2","iter4sec_s1","iter4sec_s2","model_s1","model_s2","df_1","df_2"
"1",-1e+07,-1e+07,NA,NA,0,0,NA,NA,NA,NA,NA,NA
"2",-52263.91,-52386.99,132,119,0.02,0,23,55,"EII","EII",22,22
"3",-51512.4,-51703.52,84,183,0.3,0.01,61,53,"EII","EII",33,33
"4",-50777.08,-50944.34,74,62,0.06,0.02,11,56,"EII","EII",44,44
"5",-50058.98,-50387.85,106,52,0.12,0.02,55,40,"EII","EII",55,55
"6",-49745.37,-50001.22,159,87,0.07,0.12,19,78,"EII","EII",66,66
"7",-49413.1,-49716.56,3,49,0.55,0.53,1,24,"EII","EII",77,77
"8",-49147.45,-49467.54,50,160,0.49,0.08,23,60,"EII","EII",88,88
"9",-48932.98,-49255.64,118,89,0.04,0.59,62,4,"EII","EII",99,99
"10",-48750.54,-49082.64,118,105,0.21,0.3,87,74,"EII","EII",110,110
