"","best_ll_s1","best_ll_s2","iter_best_s1","iter_best_s2","d_s1","d_s2","iter4sec_s1","iter4sec_s2","model_s1","model_s2","df_1","df_2"
"1",-1e+07,-1e+07,NA,NA,0,0,NA,NA,NA,NA,NA,NA
"2",-52263.87,-52386.95,140,53,0,0.05,140,13,"EII","EII",22,22
"3",-51512.44,-51703.49,94,71,0.04,0,78,71,"EII","EII",33,33
"4",-50777.03,-50944.36,133,186,0,0,133,147,"EII","EII",44,44
"5",-50059.04,-50387.87,16,67,0,0,16,67,"EII","EII",55,55
"6",-49745.35,-50001.4,184,57,0.13,0,62,57,"EII","EII",66,66
"7",-49413.26,-49716.45,135,39,0.26,0.42,63,36,"EII","EII",77,77
"8",-49147.65,-49467.45,80,54,0.28,0.25,59,12,"EII","EII",88,88
"9",-48932.73,-49255.78,43,65,0,0.51,43,38,"EII","EII",99,99
"10",-48750.58,-49082.73,36,172,0.12,0,22,172,"EII","EII",110,110
