"","best_ll_s1","best_ll_s2","iter_best_s1","iter_best_s2","d_s1","d_s2","iter4sec_s1","iter4sec_s2","model_s1","model_s2","df_1","df_2"
"1",-1e+07,-1e+07,NA,NA,0,0,NA,NA,NA,NA,NA,NA
"2",-52263.87,-52386.97,176,18,0.01,0.03,29,14,"EII","EII",22,22
"3",-51512.56,-51703.47,54,147,0.09,0.1,51,19,"EII","EII",33,33
"4",-50776.98,-50944.31,184,111,0.16,0.03,178,71,"EII","EII",44,44
"5",-50058.99,-50387.87,38,143,0.05,0.02,19,2,"EII","EII",55,55
"6",-49745.54,-50001.4,92,65,0.3,0.11,7,2,"EII","EII",66,66
"7",-49413.43,-49716.43,136,72,0,0.39,101,61,"EII","EII",77,77
"8",-49147.58,-49467.38,35,73,0.36,0.21,33,10,"EII","EII",88,88
"9",-48932.87,-49255.67,18,83,0.91,0.6,12,11,"EII","EII",99,99
"10",-48750.43,-49083.06,62,199,1.57,0.15,55,86,"EII","EII",110,110
