"","best_ll_s1","best_ll_s2","iter_best_s1","iter_best_s2","d_s1","d_s2","iter4sec_s1","iter4sec_s2","model_s1","model_s2","df_1","df_2"
"1",-1e+07,-1e+07,NA,NA,0,0,NA,NA,NA,NA,NA,NA
"2",-52264.29,-52387.32,2,9,0,0,1,1,"EII","EII",22,22
"3",-51512.51,-51703.67,115,2,0.1,0,95,1,"EII","EII",33,33
"4",-50777.01,-50944.4,46,37,0,0,16,3,"EII","EII",44,44
"5",-50059.09,-50388.02,17,10,0,0,2,7,"EII","EII",55,55
"6",-49745.25,-50001.54,163,38,0.4,0,118,30,"EII","EII",66,66
"7",-49413.73,-49717.34,13,2,0,0,5,1,"EII","EII",77,77
"8",-4000091048.23,-490000468.71,0,0,590.39,100.69,1,1,"EII","EII",88,88
"9",-480009032.88,-490000256.29,0,0,200.11,604.68,1,1,"EII","EII",99,99
"10",-400800807.6,-400090167.26,0,0,50,50,1,1,"EII","EII",110,110
