"","best_ll_s1","best_ll_s2","iter_best_s1","iter_best_s2","d_s1","d_s2","iter4sec_s1","iter4sec_s2","model_s1","model_s2","df_1","df_2"
"1",-1e+07,-1e+07,NA,NA,0,0,NA,NA,NA,NA,NA,NA
"2",-52263.88,-52386.96,47,8,0,0,47,8,"EII","EII",22,22
"3",-51512.37,-51703.54,78,53,0,0,78,53,"EII","EII",33,33
"4",-50777.07,-50944.35,69,63,0,0,69,126,"EII","EII",44,44
"5",-50059.08,-50387.86,54,179,0,0,54,190,"EII","EII",55,55
"6",-49745.33,-50001.37,9,157,0.97,0.04,1,37,"EII","EII",66,66
"7",-49413.13,-49716.44,157,22,0.39,0.53,86,19,"EII","EII",77,77
"8",-49147.66,-49467.5,181,15,0,1.13,181,5,"EII","EII",88,88
"9",-48932.98,-49255.67,82,96,0.42,0.23,48,31,"EII","EII",99,99
"10",-48750.76,-49083.1,92,103,0,0.38,92,71,"EII","EII",110,110
