"","best_ll_s1","best_ll_s2","iter_best_s1","iter_best_s2","d_s1","d_s2","iter4sec_s1","iter4sec_s2","model_s1","model_s2","df_1","df_2"
"1",-1e+07,-1e+07,NA,NA,0,0,NA,NA,NA,NA,NA,NA
"2",-52263.87,-52386.95,135,167,0.01,0.02,94,92,"EII","EII",22,22
"3",-51512.5,-51703.55,173,41,0.17,0.02,40,30,"EII","EII",33,33
"4",-50777.13,-50944.37,132,91,0,0,5,24,"EII","EII",44,44
"5",-50059.11,-50387.84,54,126,0,0.05,51,33,"EII","EII",55,55
"6",-49745.25,-50001.74,154,9,0.24,0,148,6,"EII","EII",66,66
"7",-49413.12,-49716.76,28,26,0.71,0.11,14,6,"EII","EII",77,77
"8",-49147.56,-49467.45,143,116,0.49,0.39,106,103,"EII","EII",88,88
"9",-48933.01,-49255.69,177,111,0.05,0.08,42,92,"EII","EII",99,99
"10",-48750.02,-49082.54,31,166,1.14,0.08,13,150,"EII","EII",110,110
