"","best_ll_s1","best_ll_s2","iter_best_s1","iter_best_s2","d_s1","d_s2","iter4sec_s1","iter4sec_s2","model_s1","model_s2","df_1","df_2"
"1",-1e+07,-1e+07,NA,NA,0,0,NA,NA,NA,NA,NA,NA
"2",-52263.88,-52386.96,113,136,0,0,113,142,"EII","EII",22,22
"3",-51512.64,-51703.49,152,119,0.06,0.01,76,35,"EII","EII",33,33
"4",-50777.1,-50944.32,50,188,0,0.01,50,153,"EII","EII",44,44
"5",-50058.91,-50387.86,71,15,0.1,0.07,3,14,"EII","EII",55,55
"6",-49745.46,-50001.38,157,120,0.03,0,9,120,"EII","EII",66,66
"7",-49413.28,-49716.59,148,120,0.1,0,81,120,"EII","EII",77,77
"8",-49147.43,-49467.42,148,190,0.12,0,96,190,"EII","EII",88,88
"9",-48933.03,-49255.7,136,34,0,0.23,136,25,"EII","EII",99,99
"10",-48750.6,-49083.07,1,117,400752057,0,0,117,"EII","EII",110,110
