"","best_ll_s1","best_ll_s2","iter_best_s1","iter_best_s2","d_s1","d_s2","iter4sec_s1","iter4sec_s2","model_s1","model_s2","df_1","df_2"
"1",-1e+07,-1e+07,NA,NA,0,0,NA,NA,NA,NA,NA,NA
"2",-52263.87,-52386.97,107,106,0.02,0.02,35,7,"EII","EII",22,22
"3",-51512.63,-51703.44,131,161,0.08,0.12,30,17,"EII","EII",33,33
"4",-50777.12,-50944.28,144,163,0,0.02,67,118,"EII","EII",44,44
"5",-50059.02,-50387.88,167,186,0.01,0.01,165,30,"EII","EII",55,55
"6",-49745.4,-50001.38,83,124,0.03,0.09,65,55,"EII","EII",66,66
"7",-49413.15,-49716.35,170,199,0.24,0.03,123,106,"EII","EII",77,77
"8",-49147.99,-49467.64,142,107,0.05,0.01,135,48,"EII","EII",88,88
"9",-48932.7,-49255.61,187,136,0.34,0.28,105,126,"EII","EII",99,99
"10",-48750.8,-49082.91,31,54,1.36,0.46,5,1,"EII","EII",110,110
