"","best_ll_s1","best_ll_s2","iter_best_s1","iter_best_s2","d_s1","d_s2","iter4sec_s1","iter4sec_s2","model_s1","model_s2","df_1","df_2"
"1",-1e+07,-1e+07,NA,NA,0,0,NA,NA,NA,NA,NA,NA
"2",-52263.94,-52387.01,108,137,0,0,108,137,"EII","EII",22,22
"3",-51512.48,-51703.46,63,60,0.22,0,40,60,"EII","EII",33,33
"4",-50776.97,-50944.31,145,27,0,0.19,173,13,"EII","EII",44,44
"5",-50059.01,-50387.89,174,122,0.08,0.01,50,21,"EII","EII",55,55
"6",-49745.17,-50001.47,142,112,0.26,0,22,112,"EII","EII",66,66
"7",-49413.19,-49716.46,31,48,0,0.03,31,36,"EII","EII",77,77
"8",-49147.5,-49467.4,120,184,0,0.19,120,11,"EII","EII",88,88
"9",-48933.08,-49255.38,180,126,0,0,180,126,"EII","EII",99,99
"10",-48750.26,-49082.71,198,179,0,0,198,179,"EII","EII",110,110
