"","best_ll_s1","best_ll_s2","iter_best_s1","iter_best_s2","d_s1","d_s2","iter4sec_s1","iter4sec_s2","model_s1","model_s2","df_1","df_2"
"1",-1e+07,-1e+07,NA,NA,0,0,NA,NA,NA,NA,NA,NA
"2",-52263.87,-52386.97,102,186,0.05,0.02,93,84,"EII","EII",22,22
"3",-51512.41,-51703.48,128,187,0.36,0.05,73,93,"EII","EII",33,33
"4",-50777.1,-50944.33,143,180,0.03,0,113,104,"EII","EII",44,44
"5",-50059.21,-50387.88,52,180,0,0,6,160,"EII","EII",55,55
"6",-49745.45,-50001.24,193,15,0.16,0.3,116,7,"EII","EII",66,66
"7",-49413.48,-49716.39,16,106,0,0.17,7,100,"EII","EII",77,77
"8",-49147.6,-49467.32,85,145,0.09,0.29,52,119,"EII","EII",88,88
"9",-48932.94,-49255.38,22,62,0.71,0.57,1,45,"EII","EII",99,99
"10",-48750.62,-49083.07,25,73,1.9,0.15,10,56,"EII","EII",110,110
