"","best_ll_s1","best_ll_s2","iter_best_s1","iter_best_s2","d_s1","d_s2","iter4sec_s1","iter4sec_s2","model_s1","model_s2","df_1","df_2"
"1",-1e+07,-1e+07,NA,NA,0,0,NA,NA,NA,NA,NA,NA
"2",-52263.89,-52386.97,196,136,0,0.06,98,99,"EII","EII",22,22
"3",-51512.53,-51703.52,28,84,0.35,0.08,23,39,"EII","EII",33,33
"4",-50777.11,-50944.24,20,192,0.04,0.12,4,142,"EII","EII",44,44
"5",-50059.09,-50387.89,24,103,0.13,0,14,46,"EII","EII",55,55
"6",-49745.42,-50001.3,41,56,0.66,0.24,1,21,"EII","EII",66,66
"7",-49413.39,-49716.56,137,179,0.03,0,4,152,"EII","EII",77,77
"8",-49147.63,-49467.52,152,175,0,0.33,94,53,"EII","EII",88,88
"9",-48933,-49255.72,178,131,0.04,0.17,26,101,"EII","EII",99,99
"10",-48750.66,-49082.6,180,28,0.25,2.25,5,3,"EII","EII",110,110
