"","best_ll_s1","best_ll_s2","iter_best_s1","iter_best_s2","d_s1","d_s2","iter4sec_s1","iter4sec_s2","model_s1","model_s2","df_1","df_2"
"1",-1e+07,-1e+07,NA,NA,0,0,NA,NA,NA,NA,NA,NA
"2",-52263.88,-52386.96,71,30,0,0,71,30,"EII","EII",22,22
"3",-51512.69,-51703.51,115,90,0,0.01,115,87,"EII","EII",33,33
"4",-50777.06,-50944.34,130,198,0.02,0.02,87,132,"EII","EII",44,44
"5",-50058.91,-50387.9,76,126,0,0,76,126,"EII","EII",55,55
"6",-49745.44,-50001.36,74,170,0.36,0,63,170,"EII","EII",66,66
"7",-49413.2,-49716.53,138,15,0.15,0,73,15,"EII","EII",77,77
"8",-49147.67,-49467.56,140,148,0,0,140,148,"EII","EII",88,88
"9",-48932.66,-49255.56,72,122,0.62,0.21,52,109,"EII","EII",99,99
"10",-48751.3,-49082.57,176,109,0.32,1.08,116,107,"EII","EII",110,110
