"","best_ll_s1","best_ll_s2","iter_best_s1","iter_best_s2","d_s1","d_s2","iter4sec_s1","iter4sec_s2","model_s1","model_s2","df_1","df_2"
"1",-1e+07,-1e+07,NA,NA,0,0,NA,NA,NA,NA,NA,NA
"2",-52263.87,-52386.96,21,54,0.04,0.04,17,52,"EII","EII",22,22
"3",-51512.61,-51703.48,44,142,0,0.09,44,57,"EII","EII",33,33
"4",-50777.01,-50944.32,57,19,0.1,0.06,3,15,"EII","EII",44,44
"5",-50059.08,-50387.83,172,72,0,0,124,72,"EII","EII",55,55
"6",-49745.14,-50001.38,117,90,0.22,0.09,33,79,"EII","EII",66,66
"7",-49413.15,-49716.54,50,122,0,0.23,50,105,"EII","EII",77,77
"8",-49147.76,-49467.52,89,66,0,0.42,89,52,"EII","EII",88,88
"9",-48932.64,-49255.76,123,153,0.48,0.11,94,124,"EII","EII",99,99
"10",-48750.65,-49083.08,51,101,0,0,51,101,"EII","EII",110,110
