"","best_ll_s1","best_ll_s2","iter_best_s1","iter_best_s2","d_s1","d_s2","iter4sec_s1","iter4sec_s2","model_s1","model_s2","df_1","df_2"
"1",-1e+07,-1e+07,NA,NA,0,0,NA,NA,NA,NA,NA,NA
"2",-52263.87,-52386.97,127,127,0.05,0.03,117,76,"EII","EII",22,22
"3",-51512.64,-51703.48,142,31,0,0,142,31,"EII","EII",33,33
"4",-50777.08,-50944.32,115,116,0,0.02,115,99,"EII","EII",44,44
"5",-50058.94,-50387.87,174,26,0,0.06,174,14,"EII","EII",55,55
"6",-49745.36,-50001.37,140,54,0,0,140,96,"EII","EII",66,66
"7",-49413.11,-49716.62,58,26,0,0.51,58,11,"EII","EII",77,77
"8",-49147.45,-49467.63,90,169,0.51,0,40,169,"EII","EII",88,88
"9",-48932.88,-49255.39,96,193,0,0.27,96,93,"EII","EII",99,99
"10",-48751.13,-49082.82,185,121,0,0.03,185,108,"EII","EII",110,110
