"","best_ll_s1","best_ll_s2","iter_best_s1","iter_best_s2","d_s1","d_s2","iter4sec_s1","iter4sec_s2","model_s1","model_s2","df_1","df_2"
"1",-1e+07,-1e+07,NA,NA,0,0,NA,NA,NA,NA,NA,NA
"2",-52263.89,-52386.99,47,183,0,0.01,50,8,"EII","EII",22,22
"3",-51512.4,-51703.47,148,73,0,0.03,168,32,"EII","EII",33,33
"4",-50777.03,-50944.27,106,10,0,0.2,135,1,"EII","EII",44,44
"5",-50058.99,-50387.86,15,57,0.22,0.02,9,11,"EII","EII",55,55
"6",-49745.32,-50001.33,144,93,0.14,0.01,132,20,"EII","EII",66,66
"7",-49413.37,-49716.43,174,146,0.05,0.19,78,167,"EII","EII",77,77
"8",-49147.43,-49467.27,72,65,0.6,0.4,18,47,"EII","EII",88,88
"9",-48932.59,-49255.4,135,90,0.4,0.8,22,53,"EII","EII",99,99
"10",-48750.49,-49082.4,151,51,0.22,0.1,73,37,"EII","EII",110,110
