"","best_ll_s1","best_ll_s2","iter_best_s1","iter_best_s2","d_s1","d_s2","iter4sec_s1","iter4sec_s2","model_s1","model_s2","df_1","df_2"
"1",-1e+07,-1e+07,NA,NA,0,0,NA,NA,NA,NA,NA,NA
"2",-52263.88,-52386.99,38,60,0.04,0.02,35,51,"EII","EII",22,22
"3",-51512.52,-51703.49,184,165,0.21,0.08,85,146,"EII","EII",33,33
"4",-50777.09,-50944.31,32,100,0,0.04,32,62,"EII","EII",44,44
"5",-50059.07,-50387.87,160,15,0,0.34,160,13,"EII","EII",55,55
"6",-49745.42,-50001.24,175,140,0,0,175,140,"EII","EII",66,66
"7",-49413.12,-49716.53,48,176,0,0.08,48,122,"EII","EII",77,77
"8",-49147.48,-49467.47,126,107,0,0,126,107,"EII","EII",88,88
"9",-48932.89,-49255.49,69,172,0.55,0,55,172,"EII","EII",99,99
"10",-48750.53,-49083.46,72,188,0,0,72,188,"EII","EII",110,110
