"","best_ll_s1","best_ll_s2","iter_best_s1","iter_best_s2","d_s1","d_s2","iter4sec_s1","iter4sec_s2","model_s1","model_s2","df_1","df_2"
"1",-1e+07,-1e+07,NA,NA,0,0,NA,NA,NA,NA,NA,NA
"2",-52263.87,-52386.99,76,86,0.08,0.01,34,19,"EII","EII",22,22
"3",-51512.47,-51703.47,118,8,0.22,0.15,88,5,"EII","EII",33,33
"4",-50777.09,-50944.35,136,91,0,0.02,115,52,"EII","EII",44,44
"5",-50058.96,-50387.92,160,168,0.04,0,49,84,"EII","EII",55,55
"6",-49745.64,-50001.38,14,38,0.29,0.09,3,16,"EII","EII",66,66
"7",-49413.26,-49716.45,71,130,0.11,0.22,23,75,"EII","EII",77,77
"8",-49147.64,-49467.64,80,156,0.1,0.02,15,133,"EII","EII",88,88
"9",-48933.28,-49255.65,42,65,0.15,0.23,7,47,"EII","EII",99,99
"10",-48750.9,-49083.29,169,144,0.56,0.05,88,64,"EII","EII",110,110
