"","best_ll_s1","best_ll_s2","iter_best_s1","iter_best_s2","d_s1","d_s2","iter4sec_s1","iter4sec_s2","model_s1","model_s2","df_1","df_2"
"1",-1e+07,-1e+07,NA,NA,0,0,NA,NA,NA,NA,NA,NA
"2",-52263.89,-52386.98,131,177,0.02,0.01,115,155,"EII","EII",22,22
"3",-51512.52,-51703.53,176,125,0.01,0.03,120,22,"EII","EII",33,33
"4",-50777.12,-50944.28,33,35,0.05,0.08,9,2,"EII","EII",44,44
"5",-50059.01,-50387.88,197,180,0.01,0,63,26,"EII","EII",55,55
"6",-49745.48,-50001.22,10,200,0.41,0.11,6,129,"EII","EII",66,66
"7",-49412.9,-49716.67,22,131,0.65,0.03,11,90,"EII","EII",77,77
"8",-49147.41,-49467.38,183,190,0.48,0,87,87,"EII","EII",88,88
"9",-48933.07,-49255.93,193,29,0.03,0.16,131,3,"EII","EII",99,99
"10",-48750.34,-49082.55,36,79,1.84,0.58,3,76,"EII","EII",110,110
