"","best_ll_s1","best_ll_s2","iter_best_s1","iter_best_s2","d_s1","d_s2","iter4sec_s1","iter4sec_s2","model_s1","model_s2","df_1","df_2"
"1",-1e+07,-1e+07,NA,NA,0,0,NA,NA,NA,NA,NA,NA
"2",-52263.87,-52386.96,193,7,0.02,0.21,135,1,"EII","EII",22,22
"3",-51512.61,-51703.47,46,92,0.47,0.14,42,89,"EII","EII",33,33
"4",-50777.11,-50944.31,163,83,0.02,0.07,159,72,"EII","EII",44,44
"5",-50059.03,-50387.89,97,62,0.04,0.01,31,6,"EII","EII",55,55
"6",-49745.49,-50001.35,103,46,0.17,0.1,69,41,"EII","EII",66,66
"7",-49413.26,-49716.49,64,69,0.17,0.02,48,37,"EII","EII",77,77
"8",-49147.52,-49467.49,92,185,0.36,0.28,9,168,"EII","EII",88,88
"9",-48932.71,-49255.67,29,90,0.38,0.03,15,82,"EII","EII",99,99
"10",-48750.78,-49083.2,67,93,0.3,0.27,6,85,"EII","EII",110,110
