"","best_ll_s1","best_ll_s2","iter_best_s1","iter_best_s2","d_s1","d_s2","iter4sec_s1","iter4sec_s2","model_s1","model_s2","df_1","df_2"
"1",-1e+07,-1e+07,NA,NA,0,0,NA,NA,NA,NA,NA,NA
"2",-52263.88,-52386.98,157,195,0,0.01,126,185,"EII","EII",22,22
"3",-51512.65,-51703.51,149,18,0,0,149,18,"EII","EII",33,33
"4",-50777.01,-50944.35,117,156,0.1,0,1,8,"EII","EII",44,44
"5",-50059,-50387.89,58,87,0,0.01,58,32,"EII","EII",55,55
"6",-49745.46,-50001.36,154,19,0.09,0,134,19,"EII","EII",66,66
"7",-49413.12,-49716.61,186,134,0,0,186,134,"EII","EII",77,77
"8",-49147.63,-49467.6,179,56,0.13,0,154,56,"EII","EII",88,88
"9",-48933.03,-49255.91,6,160,1.3,0,3,160,"EII","EII",99,99
"10",-48750.85,-49082.84,196,140,0,0,196,140,"EII","EII",110,110
