"","best_ll_s1","best_ll_s2","iter_best_s1","iter_best_s2","d_s1","d_s2","iter4sec_s1","iter4sec_s2","model_s1","model_s2","df_1","df_2"
"1",-1e+07,-1e+07,NA,NA,0,0,NA,NA,NA,NA,NA,NA
"2",-52263.88,-52386.97,141,183,0,0,146,183,"EII","EII",22,22
"3",-51512.44,-51703.36,31,162,0.29,0.17,11,140,"EII","EII",33,33
"4",-50777,-50944.34,32,54,0,0,43,54,"EII","EII",44,44
"5",-50059.04,-50387.89,106,195,0,0.03,106,179,"EII","EII",55,55
"6",-49745.36,-50001.08,47,143,0.13,0.22,15,79,"EII","EII",66,66
"7",-49413.15,-49716.51,148,84,0.2,0,47,84,"EII","EII",77,77
"8",-49147.54,-49467.27,103,47,0,0.72,103,7,"EII","EII",88,88
"9",-48932.9,-49255.37,92,100,0,0,92,100,"EII","EII",99,99
"10",-48750.91,-49082.87,35,160,0,0.24,35,125,"EII","EII",110,110
