"","best_ll_s1","best_ll_s2","iter_best_s1","iter_best_s2","d_s1","d_s2","iter4sec_s1","iter4sec_s2","model_s1","model_s2","df_1","df_2"
"1",-1e+07,-1e+07,NA,NA,0,0,NA,NA,NA,NA,NA,NA
"2",-52263.91,-52386.98,21,83,0.21,0.01,10,76,"EII","EII",22,22
"3",-51512.52,-51703.57,171,178,0.09,0.02,41,39,"EII","EII",33,33
"4",-50777.13,-50944.26,90,58,0,0.11,54,25,"EII","EII",44,44
"5",-50058.95,-50387.89,128,193,0.04,0.01,79,42,"EII","EII",55,55
"6",-49745.5,-50001.18,118,195,0.07,0.18,109,41,"EII","EII",66,66
"7",-49412.98,-49716.49,165,102,0.17,0.09,72,10,"EII","EII",77,77
"8",-49147.66,-49467.7,73,143,0.44,0,9,126,"EII","EII",88,88
"9",-48932.59,-49255.72,144,127,0.51,0.02,93,125,"EII","EII",99,99
"10",-48750.95,-49082.72,170,183,0,0.32,134,27,"EII","EII",110,110
