"","best_ll_s1","best_ll_s2","iter_best_s1","iter_best_s2","d_s1","d_s2","iter4sec_s1","iter4sec_s2","model_s1","model_s2","df_1","df_2"
"1",-1e+07,-1e+07,NA,NA,0,0,NA,NA,NA,NA,NA,NA
"2",-52263.88,-52386.94,3,154,0.3,0.02,2,117,"EII","EII",22,22
"3",-51512.44,-51703.53,89,65,0,0,89,80,"EII","EII",33,33
"4",-50777.05,-50944.32,196,171,0,0.03,196,7,"EII","EII",44,44
"5",-50058.92,-50387.88,156,69,0.18,0,126,69,"EII","EII",55,55
"6",-49745.46,-50001.24,195,142,0,0.13,195,69,"EII","EII",66,66
"7",-49413.45,-49716.54,100,41,0,0,100,41,"EII","EII",77,77
"8",-49147.61,-49467.35,116,13,0.07,0,35,13,"EII","EII",88,88
"9",-48932.83,-49255.58,112,158,0.52,0.46,84,140,"EII","EII",99,99
"10",-48751.01,-49083.23,190,196,0,0,190,196,"EII","EII",110,110
