"","best_ll_s1","best_ll_s2","iter_best_s1","iter_best_s2","d_s1","d_s2","iter4sec_s1","iter4sec_s2","model_s1","model_s2","df_1","df_2"
"1",-1e+07,-1e+07,NA,NA,0,0,NA,NA,NA,NA,NA,NA
"2",-52263.87,-52386.99,120,54,0,0.19,192,46,"EII","EII",22,22
"3",-51512.56,-51703.44,118,189,0,0.11,118,82,"EII","EII",33,33
"4",-50776.99,-50944.32,140,125,0,0,140,128,"EII","EII",44,44
"5",-50058.95,-50387.91,97,168,0.12,0.04,4,117,"EII","EII",55,55
"6",-49745.32,-50001.34,4,23,0,0.25,4,4,"EII","EII",66,66
"7",-49413.05,-49716.54,194,95,0.26,0,180,95,"EII","EII",77,77
"8",-49147.46,-49467.63,121,191,0,0.16,121,25,"EII","EII",88,88
"9",-48933.09,-49255.76,115,67,0,0,115,67,"EII","EII",99,99
"10",-48750.79,-49083.06,19,50,20.76,0.19,16,46,"EII","EII",110,110
