"","best_ll_s1","best_ll_s2","iter_best_s1","iter_best_s2","d_s1","d_s2","iter4sec_s1","iter4sec_s2","model_s1","model_s2","df_1","df_2"
"1",-1e+07,-1e+07,NA,NA,0,0,NA,NA,NA,NA,NA,NA
"2",-52263.88,-52386.98,194,102,0.02,0.01,172,69,"EII","EII",22,22
"3",-51512.49,-51703.46,157,34,0.11,0.11,5,30,"EII","EII",33,33
"4",-50777.09,-50944.26,190,102,0,0.08,95,95,"EII","EII",44,44
"5",-50059.08,-50387.86,9,118,0.09,0.08,3,98,"EII","EII",55,55
"6",-49745.61,-50001.37,28,147,0.07,0.06,16,123,"EII","EII",66,66
"7",-49413.18,-49716.52,162,95,0.12,0.09,16,85,"EII","EII",77,77
"8",-49147.64,-49467.65,167,2,0.33,53.21,116,1,"EII","EII",88,88
"9",-48932.55,-49255.34,21,32,1.33,0.39,20,24,"EII","EII",99,99
"10",-48751.25,-49082.93,168,100,0.31,0.19,110,53,"EII","EII",110,110
